gen,ind,L,objective_function_1,objective_function_2,constraint_ea_min,Ds,lc,ls,A_proj,A_nec,Nt,Nb,Re_t,Res,jl,js,jb,jr,jc,delta_PT,delta_Ps,hio,hs
1,1,7.550143195170546,853053.5185527243,0,-20.451875955671404,1.3208,0.5246419315569245,1.654048,732.6091739691327,583.9762605287793,1216.0,4.0,4232.63997747285,1621.9124126110087,0.926348455864322,1.2,0.9598406163427721,1.0,0.7483922502181649,181.5280984788983,32.37731792956084,565.597266261024,235.2031450151144
1,2,5.817955484395257,268579.9506589857,0,24.311126745731446,0.7365999999999999,0.24826470525404742,1.435794362679853,176.88009341996292,219.21249645236026,508.0,4.0,50251.51497129242,6720.072330545125,0.9305298212508413,1.2,0.9457023604276722,1.0,0.8684600964957825,105012.79030459022,1591.8430655674065,1868.4850116518016,729.482733169466
1,3,4.821438699846866,104417.72676345629,0,54.29596709278506,0.48895,0.10762327247997272,0.4407780030575389,72.71467091386721,143.41003416223379,252.0,10.0,47703.29090689178,42143.61571599906,0.7678941487039901,1.0909090909090908,0.8947600048788296,1.0,1.0828608380187306,36040.12117069209,52915.07297971884,1792.2928142298188,1991.268250492502
1,4,6.621155446022148,564062.052176076,0,-27.498887301012452,0.8382,0.2911234832770094,1.2637677063264303,337.61227736469704,254.80385853935942,852.0,5.0,51761.84687095102,3480.709628261417,0.8860393160599639,1.1666666666666667,0.9723853984453943,1.0,0.837083744710478,238416.1900949612,245.32528358224727,5589.394787221834,480.6821869826462
1,5,5.0276238250227285,385465.7085277163,0,21.209394869981686,0.9398,0.16522295024541697,1.693728840524507,215.8383640463856,257.59255910787147,538.0,2.0,73360.13289224803,3204.238804027992,0.9062796599065376,1.3333333333333333,0.9193861286516036,1.0,1.1348460344552667,181413.77903687884,65.34455554814478,5540.976720630468,463.40549011694804
1,6,5.5570595242944485,250350.62718624703,0,58.00812968906229,0.635,0.16635309728042497,1.162920370119909,99.3291356686607,211.3751485340244,224.0,4.0,91908.75379655331,5051.94442320313,0.9303190422384204,1.2,0.9240544818913389,1.0,1.0135295600686718,162909.95038914785,167.36887156151414,6635.959702015683,607.370810620394
1,7,2.9402722550409406,197082.98787330213,0,94.81726048433299,0.30479999999999996,0.11495497733569386,0.1633943610008133,14.077397879169544,138.2476479685086,80.0,17.0,39887.14000846335,111157.3430268256,0.8128586458969487,1.0555555555555556,0.8902092635519445,1.0,0.8163229746228275,5674.159637073199,176958.65963120578,1553.2330002928559,2901.3763102125554
1,8,4.589492966603312,182236.23952756368,0,51.10743841880337,0.5334,0.11916344668563016,0.24669091420227113,65.92054709602944,122.31845204965991,240.0,18.0,79774.2800169267,56289.958051525704,0.7063396431695828,1.0526315789473684,0.9070351499413623,1.0,1.085196997854712,160005.2513261406,76968.69110539363,2704.3357266701487,2282.135266979776
1,9,16.517141066449334,2554569.733085649,0,-659.9826070700041,1.4224,0.31569291040130565,0.9554668620618286,2496.9685760904777,326.4085422352588,2526.0,17.0,17458.865215380152,2734.200389514582,0.7320371254235667,1.0555555555555556,0.9415871225745283,1.0,1.053772726585433,69759.25314953484,437.0061543634929,2342.986489998137,378.2218672062176
1,10,3.9897436369716375,138365.8651369318,0,84.69730005875059,0.43815,0.07996550471840584,0.7908730206041558,35.02041314312911,172.49140875089927,110.0,5.0,38941.662198571255,36091.63344133226,0.8864352356029634,1.1666666666666667,0.8839426356713582,1.0,1.1539239065507338,4659.002711318788,12653.79529487852,1142.7813456581755,1903.8799406522926
1,11,4.3862791232073315,299975.19534879964,0,72.14502774535568,0.38735,0.0599779477827649,0.21589143373637115,35.70097080127775,108.66230695486624,136.0,20.0,88391.39197453477,89805.8275248954,0.7038465667818676,1.0476190476190477,0.8983747544490217,1.0,1.1920215088210746,107915.78484972095,277016.68969780096,2935.609399024492,3070.2247813102917
1,12,2.6123917913517176,470674.82141003537,0,80.77484222656331,0.43815,0.1400804471894033,0.4704732894335417,27.829356579203964,114.87791674867576,178.0,5.0,143414.43598548623,44661.77610248276,0.8333471979483588,1.1666666666666667,0.8999092611520298,1.0,0.9132665745492006,486113.7924343128,31547.23760348146,4323.590823542891,2031.0646902862024
1,13,8.498746734306353,1169354.911378946,0,-167.2261199939825,1.4224,0.288614958049621,1.3330426849446493,1089.479860414414,400.21136121636545,2142.0,6.0,19390.807613317564,1571.147346429523,0.8412642678353413,1.1428571428571428,0.9530550706687597,1.0,1.0829981258831776,40723.2002784656,59.99875700227676,2548.2010637020203,282.4044753322969
1,14,6.290384478831864,241541.0151541697,0,64.38280973630447,0.59055,0.12778714492306706,0.7399972144653044,128.37380762381292,316.0578237696467,341.0,8.0,8813.21796813543,11828.428135817378,0.9039336677419781,1.1111111111111112,0.928041789153409,1.0,1.0906108212912868,499.50421774173583,6991.538251901497,454.87277276864324,1222.0843467906075
1,15,6.5243290733289205,357898.40852067695,0,68.60353735821758,0.8382,0.22873915552719484,1.2631702350612588,239.48442760197557,657.9881950589677,460.0,5.0,4656.0683063509105,10803.36226629126,0.8957926194591245,1.1666666666666667,0.9746423503139372,1.0,0.9706760478663233,65.10244411074012,2179.166637187859,174.0727582877885,863.9057089276829
1,16,6.568799002390406,463066.29107400717,0,-34.22546821327,1.0668,0.17425179078272532,0.9652673202516288,356.43346717725865,256.01168503973895,680.0,6.0,25197.546128487284,11301.010885531914,0.8205714628509537,1.1428571428571428,0.9346758397984747,1.0,1.1477778378069936,11041.034263822348,2984.391839429109,806.7113244606121,903.1750631789477
1,17,12.260263074965422,932972.2720305036,0,-84.28940743893459,1.0668,0.31313716538471986,1.5984947034411414,815.9234762971779,431.0455018780687,834.0,7.0,10716.762884342354,6824.23061529621,0.888573056376947,1.125,0.9399650426658831,1.0,0.9414816908880745,2097.3344357461897,1512.1198309281567,407.08251764589585,536.1514098590717
1,18,6.9868124849217885,840502.4087940053,0,-56.691227823104875,0.9398,0.1754438786741201,1.3330426849446493,400.58017266529777,247.74391168798883,958.0,5.0,61379.392531733145,2425.0317738368726,0.8881730073969849,1.1666666666666667,0.9416962853777491,1.0,1.1159089759511693,451808.2092629577,164.8831342501461,6405.824606906099,494.273547014299
1,19,8.596314933941079,409966.8126834361,0,-17.497301094567803,0.8382,0.24921897525808318,0.3598067745118425,333.37434580737823,272.148319047465,486.0,23.0,17627.912929394395,37927.26157498713,0.7004273997850831,1.0416666666666667,0.9721099454602935,1.0,0.9286547458583359,3458.7015905864664,40607.08153335571,606.1669752423643,1136.407618042295
1,20,5.953916771740964,249967.4887802474,0,45.756410801256266,0.59055,0.19189307487759022,0.9450163603052011,135.7602371174329,229.15599637624877,381.0,6.0,19291.81694402899,5687.522872577888,0.9017828517150479,1.1428571428571428,0.8949519088357349,1.0,0.9001873776957432,6065.332444698273,385.6658924872372,2537.7888242139575,635.0878625748633
2,19,8.596314933941079,409966.8126834361,0,-17.497301094567803,0.8382,0.24921897525808318,0.3598067745118425,333.37434580737823,272.148319047465,486.0,23.0,17627.912929394395,37927.26157498713,0.7004273997850831,1.0416666666666667,0.9721099454602935,1.0,0.9286547458583359,3458.7015905864664,40607.08153335571,606.1669752423643,1136.407618042295
2,16,6.568799002390406,463066.29107400717,0,-34.22546821327,1.0668,0.17425179078272532,0.9652673202516288,356.43346717725865,256.01168503973895,680.0,6.0,25197.546128487284,11301.010885531914,0.8205714628509537,1.1428571428571428,0.9346758397984747,1.0,1.1477778378069936,11041.034263822348,2984.391839429109,806.7113244606121,903.1750631789477
2,4,6.621155446022148,564062.052176076,0,-27.498887301012452,0.8382,0.2911234832770094,1.2637677063264303,337.61227736469704,254.80385853935942,852.0,5.0,51761.84687095102,3480.709628261417,0.8860393160599639,1.1666666666666667,0.9723853984453943,1.0,0.837083744710478,238416.1900949612,245.32528358224727,5589.394787221834,480.6821869826462
2,24,10.916817512023425,810943.7281050757,0,-49.56953002457888,1.0668,0.3813108457201291,1.654048,592.3638575234123,383.23455950808517,680.0,6.0,60551.64956008218,2024.8078526863544,0.9364788519144494,1.1428571428571428,0.952667253234783,1.0,0.8253008563211943,230352.0087860862,51.048204422868885,4752.466027794425,282.9384752770418
2,18,6.9868124849217885,840502.4087940053,0,-56.691227823104875,0.9398,0.1754438786741201,1.3330426849446493,400.58017266529777,247.74391168798883,958.0,5.0,61379.392531733145,2425.0317738368726,0.8881730073969849,1.1666666666666667,0.9416962853777491,1.0,1.1159089759511693,451808.2092629577,164.8831342501461,6405.824606906099,494.273547014299
2,1,7.550143195170546,853053.5185527243,0,-20.451875955671404,1.3208,0.5246419315569245,1.654048,732.6091739691327,583.9762605287793,1216.0,4.0,4232.63997747285,1621.9124126110087,0.926348455864322,1.2,0.9598406163427721,1.0,0.7483922502181649,181.5280984788983,32.37731792956084,565.597266261024,235.2031450151144
2,17,12.260263074965422,932972.2720305036,0,-84.28940743893459,1.0668,0.31313716538471986,1.5984947034411414,815.9234762971779,431.0455018780687,834.0,7.0,10716.762884342354,6824.23061529621,0.888573056376947,1.125,0.9399650426658831,1.0,0.9414816908880745,2097.3344357461897,1512.1198309281567,407.08251764589585,536.1514098590717
2,36,12.287050417777598,1119533.2459187396,0,-202.11930412755174,1.0668,0.2794732034311139,1.3330426849446493,953.0100808093443,310.3061474812223,1296.0,9.0,34028.62155405114,2118.065726515749,0.8781386056056422,1.1,0.9454764672039653,1.0,0.9933771465742918,178404.10838411053,159.85327471541285,3996.064229857293,379.0710723086255
2,13,8.498746734306353,1169354.911378946,0,-167.2261199939825,1.4224,0.288614958049621,1.3330426849446493,1089.479860414414,400.21136121636545,2142.0,6.0,19390.807613317564,1571.147346429523,0.8412642678353413,1.1428571428571428,0.9530550706687597,1.0,1.0829981258831776,40723.2002784656,59.99875700227676,2548.2010637020203,282.4044753322969
2,9,16.517141066449334,2554569.733085649,0,-659.9826070700041,1.4224,0.31569291040130565,0.9554668620618286,2496.9685760904777,326.4085422352588,2526.0,17.0,17458.865215380152,2734.200389514582,0.7320371254235667,1.0555555555555556,0.9415871225745283,1.0,1.053772726585433,69759.25314953484,437.0061543634929,2342.986489998137,378.2218672062176
2,30,6.185889240209066,303697.3744298875,0,18.520642189763436,0.8382,0.1872568447917045,0.3876571508892832,212.2531696755195,245.4379577393151,430.0,15.0,19923.64112485041,35202.46078798781,0.7114206596010878,1.0625,0.967762919113521,1.0,1.051548323029306,3449.4095924213834,25764.6356532106,668.538654086929,1367.6562801868129
2,5,5.0276238250227285,385465.7085277163,0,21.209394869981686,0.9398,0.16522295024541697,1.693728840524507,215.8383640463856,257.59255910787147,538.0,2.0,73360.13289224803,3204.238804027992,0.9062796599065376,1.3333333333333333,0.9193861286516036,1.0,1.1348460344552667,181413.77903687884,65.34455554814478,5540.976720630468,463.40549011694804
2,2,5.817955484395257,268579.9506589857,0,24.311126745731446,0.7365999999999999,0.24826470525404742,1.435794362679853,176.88009341996292,219.21249645236026,508.0,4.0,50251.51497129242,6720.072330545125,0.9305298212508413,1.2,0.9457023604276722,1.0,0.8684600964957825,105012.79030459022,1591.8430655674065,1868.4850116518016,729.482733169466
2,27,6.057893065590821,215061.28791023817,0,27.483961119174865,0.59055,0.1748017713874007,0.5323682374591054,139.94383150728976,180.53532343473134,386.0,11.0,31143.08111019877,29007.517851937162,0.7933088529644299,1.0833333333333333,0.8971691817761608,1.0,0.9540000103503454,19059.88841804993,26480.905179001646,1274.2644070086187,1436.5796664671245
2,22,7.433399679499262,386586.5251173777,0,35.275981703346964,0.8382,0.23329014786729493,1.2596606265508712,268.70099580529416,385.37795492804037,453.0,5.0,9865.09960876548,10833.462097429425,0.8971267118956908,1.1666666666666667,0.9746423503139372,1.0,0.961445639632042,613.0495825105529,2159.671105405889,378.90901765551695,858.3988171902536
2,31,5.901220262460633,318143.0799969145,0,36.25509748966502,0.8382,0.2911234832770094,1.2637677063264303,202.48547250392372,294.54616285692225,430.0,4.0,19923.64112485041,10798.254762365472,0.9091371509660074,1.2,0.9709413737567432,1.0,0.8392889584770902,3346.727346623631,1653.9151603856164,668.538654086929,776.5765152367197
2,39,6.219193793663896,347052.59777318506,0,38.13645605331748,0.7874,0.2653864090646714,1.3330426849446493,229.2765587800443,342.90219340283716,616.0,4.0,10360.296106094378,6755.944896832794,0.919983336519921,1.2,0.9461865582776917,1.0,0.8677795973028505,1559.8665747141667,1322.344432145055,528.2846908640263,706.7944684910364
2,20,5.953916771740964,249967.4887802474,0,45.756410801256266,0.59055,0.19189307487759022,0.9450163603052011,135.7602371174329,229.15599637624877,381.0,6.0,19291.81694402899,5687.522872577888,0.9017828517150479,1.1428571428571428,0.8949519088357349,1.0,0.9001873776957432,6065.332444698273,385.6658924872372,2537.7888242139575,635.0878625748633
2,26,5.540812520455574,195331.68683367054,0,49.748790632450756,0.635,0.18639116987185708,1.1427065232935254,111.41857139948944,201.65815857223396,252.0,4.0,53201.072890128125,16745.834966937065,0.9000366360776202,1.2,0.8873938111233821,1.0,0.957441589646975,33339.04725922469,3406.087306594188,1466.7897516777566,961.2374241229529
2,8,4.589492966603312,182236.23952756368,0,51.10743841880337,0.5334,0.11916344668563016,0.24669091420227113,65.92054709602944,122.31845204965991,240.0,18.0,79774.2800169267,56289.958051525704,0.7063396431695828,1.0526315789473684,0.9070351499413623,1.0,1.085196997854712,160005.2513261406,76968.69110539363,2704.3357266701487,2282.135266979776
3,60,6.758318346254449,368961.506682147,0,-48.92186716649672,0.8382,0.28250811287529537,0.37446902002088733,313.0577492100917,203.38744258569724,774.0,18.0,35775.28846488047,9417.468062886706,0.7454432046883726,1.0526315789473684,0.9777999220862379,1.0,0.8556505643212549,69589.9156557309,1965.068183675557,4159.331068265496,683.7617938315184
3,19,8.596314933941079,409966.8126834361,0,-17.497301094567803,0.8382,0.24921897525808318,0.3598067745118425,333.37434580737823,272.148319047465,486.0,23.0,17627.912929394395,37927.26157498713,0.7004273997850831,1.0416666666666667,0.9721099454602935,1.0,0.9286547458583359,3458.7015905864664,40607.08153335571,606.1669752423643,1136.407618042295
3,44,8.596314933941079,447664.4170149547,0,-45.87042916256439,0.8382,0.24921897525808318,0.3598067745118425,288.1012865002034,190.95941338495922,420.0,23.0,70478.12767148115,11644.437534058945,0.7861369784648062,1.0416666666666667,0.9819997584193993,1.0,0.9286547458583359,173139.81299395044,1855.5924791991383,5366.136607891853,715.8564379032191
3,16,6.568799002390406,463066.29107400717,0,-34.22546821327,1.0668,0.17425179078272532,0.9652673202516288,356.43346717725865,256.01168503973895,680.0,6.0,25197.546128487284,11301.010885531914,0.8205714628509537,1.1428571428571428,0.9346758397984747,1.0,1.1477778378069936,11041.034263822348,2984.391839429109,806.7113244606121,903.1750631789477
3,4,6.621155446022148,564062.052176076,0,-27.498887301012452,0.8382,0.2911234832770094,1.2637677063264303,337.61227736469704,254.80385853935942,852.0,5.0,51761.84687095102,3480.709628261417,0.8860393160599639,1.1666666666666667,0.9723853984453943,1.0,0.837083744710478,238416.1900949612,245.32528358224727,5589.394787221834,480.6821869826462
3,58,10.916817512023425,810938.0015382098,0,-66.12695498174642,1.0668,0.31033512008277886,1.654048,592.3638575234123,346.15461812348497,680.0,6.0,60551.64956008218,2024.8078526863544,0.9302798459727154,1.1428571428571428,0.9494545669928941,1.0,0.9460973106245333,230352.0087860862,56.774771288653525,4752.466027794425,321.11760033096
3,24,10.916817512023425,810943.7281050757,0,-49.56953002457888,1.0668,0.3813108457201291,1.654048,592.3638575234123,383.23455950808517,680.0,6.0,60551.64956008218,2024.8078526863544,0.9364788519144494,1.1428571428571428,0.952667253234783,1.0,0.8253008563211943,230352.0087860862,51.048204422868885,4752.466027794425,282.9384752770418
3,18,6.9868124849217885,840502.4087940053,0,-56.691227823104875,0.9398,0.1754438786741201,1.3330426849446493,400.58017266529777,247.74391168798883,958.0,5.0,61379.392531733145,2425.0317738368726,0.8881730073969849,1.1666666666666667,0.9416962853777491,1.0,1.1159089759511693,451808.2092629577,164.8831342501461,6405.824606906099,494.273547014299
3,1,7.550143195170546,853053.5185527243,0,-20.451875955671404,1.3208,0.5246419315569245,1.654048,732.6091739691327,583.9762605287793,1216.0,4.0,4232.63997747285,1621.9124126110087,0.926348455864322,1.2,0.9598406163427721,1.0,0.7483922502181649,181.5280984788983,32.37731792956084,565.597266261024,235.2031450151144
3,17,12.260263074965422,932972.2720305036,0,-84.28940743893459,1.0668,0.31313716538471986,1.5984947034411414,815.9234762971779,431.0455018780687,834.0,7.0,10716.762884342354,6824.23061529621,0.888573056376947,1.125,0.9399650426658831,1.0,0.9414816908880745,2097.3344357461897,1512.1198309281567,407.08251764589585,536.1514098590717
3,36,12.287050417777598,1119533.2459187396,0,-202.11930412755174,1.0668,0.2794732034311139,1.3330426849446493,953.0100808093443,310.3061474812223,1296.0,9.0,34028.62155405114,2118.065726515749,0.8781386056056422,1.1,0.9454764672039653,1.0,0.9933771465742918,178404.10838411053,159.85327471541285,3996.064229857293,379.0710723086255
3,13,8.498746734306353,1169354.911378946,0,-167.2261199939825,1.4224,0.288614958049621,1.3330426849446493,1089.479860414414,400.21136121636545,2142.0,6.0,19390.807613317564,1571.147346429523,0.8412642678353413,1.1428571428571428,0.9530550706687597,1.0,1.0829981258831776,40723.2002784656,59.99875700227676,2548.2010637020203,282.4044753322969
3,43,11.095644654083896,1463151.023514364,0,-168.1232087067438,1.524,0.5136511143187189,1.654048,1347.5682854086035,493.3920818334799,1522.0,6.0,11744.783502682685,4541.31464750409,0.8731987743791976,1.1428571428571428,0.9557670064636677,1.0,0.8582208899936205,4554.013903908382,521.4979903312861,438.03374314317426,364.26277264941757
3,41,13.112837047438033,2123764.413581374,0,-279.43586386955235,1.524,0.33134203828302544,1.514821232891647,2005.868075922038,521.7692375867081,2556.0,8.0,5751.316318994558,1286.008116221615,0.8515361778575175,1.1111111111111112,0.9562622264806836,1.0,1.0593192764635608,2711.3985569701426,50.51378369383347,963.7641734906431,235.4542674445722
3,9,16.517141066449334,2554569.733085649,0,-659.9826070700041,1.4224,0.31569291040130565,0.9554668620618286,2496.9685760904777,326.4085422352588,2526.0,17.0,17458.865215380152,2734.200389514582,0.7320371254235667,1.0555555555555556,0.9415871225745283,1.0,1.053772726585433,69759.25314953484,437.0061543634929,2342.986489998137,378.2218672062176
3,48,9.04924179342686,460778.477931651,0,2.8881379991457066,0.7874,0.2835118890005387,1.1812479048389297,342.81574116520045,335.7256781414214,633.0,7.0,10936.047895662512,3309.8924336056566,0.9120073134465794,1.125,0.9308867641044208,1.0,0.8244743198710389,2563.7452690716837,131.76796447775814,1611.5556145220548,387.2752108762169
3,52,4.882314042685611,385549.5263862565,0,14.534363742647967,0.9398,0.2784683225567811,1.3330426849446493,254.20835261060301,280.9999057403897,870.0,3.0,47741.50564106462,1714.4974641026688,0.9331634234027891,1.25,0.959404668807123,1.0,0.9373935413385462,143124.25002100237,61.986245348873894,5239.307203319248,418.1284591973562
3,50,7.5189434975684435,377434.5530028721,0,15.928688382043697,0.7365999999999999,0.21901061462073976,1.3330426849446493,236.2441033692461,265.23029590328895,525.0,5.0,52742.99670822376,3142.294692859046,0.9197602580338292,1.1666666666666667,0.9389855031016389,1.0,0.9411786812878724,153026.6009244455,115.06129081949221,5673.993264157039,448.9296455591532
3,30,6.185889240209066,303697.3744298875,0,18.520642189763436,0.8382,0.1872568447917045,0.3876571508892832,212.2531696755195,245.4379577393151,430.0,15.0,19923.64112485041,35202.46078798781,0.7114206596010878,1.0625,0.967762919113521,1.0,1.051548323029306,3449.4095924213834,25764.6356532106,668.538654086929,1367.6562801868129
3,5,5.0276238250227285,385465.7085277163,0,21.209394869981686,0.9398,0.16522295024541697,1.693728840524507,215.8383640463856,257.59255910787147,538.0,2.0,73360.13289224803,3204.238804027992,0.9062796599065376,1.3333333333333333,0.9193861286516036,1.0,1.1348460344552667,181413.77903687884,65.34455554814478,5540.976720630468,463.40549011694804
4,60,6.758318346254449,368961.506682147,0,-48.92186716649672,0.8382,0.28250811287529537,0.37446902002088733,313.0577492100917,203.38744258569724,774.0,18.0,35775.28846488047,9417.468062886706,0.7454432046883726,1.0526315789473684,0.9777999220862379,1.0,0.8556505643212549,69589.9156557309,1965.068183675557,4159.331068265496,683.7617938315184
4,74,5.786799121153453,375887.39511715417,0,-10.81701758413933,0.9398,0.2805742545259296,0.8775182947817812,304.7655906326561,263.1440499762899,880.0,6.0,31465.992354338046,2604.5021698910164,0.9008144006026888,1.1428571428571428,0.959404668807123,1.0,0.9334250198566885,49371.9321979671,164.51331753478786,3753.4455570359105,473.1043240039271
4,19,8.596314933941079,409966.8126834361,0,-17.497301094567803,0.8382,0.24921897525808318,0.3598067745118425,333.37434580737823,272.148319047465,486.0,23.0,17627.912929394395,37927.26157498713,0.7004273997850831,1.0416666666666667,0.9721099454602935,1.0,0.9286547458583359,3458.7015905864664,40607.08153335571,606.1669752423643,1136.407618042295
4,77,8.596314933941079,447656.1369200837,0,-46.30591552733351,0.8382,0.24681981124693586,0.3598067745118425,288.1012865002034,190.4097969310114,420.0,23.0,70478.12767148115,11644.437534058945,0.7854416313623508,1.0416666666666667,0.9819997584193993,1.0,0.9336397772250163,173139.81299395044,1863.8725740701766,5366.136607891853,719.0625829441861
4,44,8.596314933941079,447664.4170149547,0,-45.87042916256439,0.8382,0.24921897525808318,0.3598067745118425,288.1012865002034,190.95941338495922,420.0,23.0,70478.12767148115,11644.437534058945,0.7861369784648062,1.0416666666666667,0.9819997584193993,1.0,0.9286547458583359,173139.81299395044,1855.5924791991383,5366.136607891853,715.8564379032191
4,63,5.7070324500258005,448976.66020534525,0,-4.559309898637448,1.0668,0.1875503759542571,1.654048,309.6726452911069,282.6529717808657,680.0,3.0,60551.64956008218,2024.8078526863544,0.9202089522355712,1.25,0.9551630652981508,1.0,1.1304872914485666,151080.72645427863,55.62154004028199,4752.466027794425,417.62667140177507
4,16,6.568799002390406,463066.29107400717,0,-34.22546821327,1.0668,0.17425179078272532,0.9652673202516288,356.43346717725865,256.01168503973895,680.0,6.0,25197.546128487284,11301.010885531914,0.8205714628509537,1.1428571428571428,0.9346758397984747,1.0,1.1477778378069936,11041.034263822348,2984.391839429109,806.7113244606121,903.1750631789477
4,69,6.478168448183355,473803.34934208606,0,-47.737764314423366,0.9398,0.20880217625233063,0.43464589645162055,278.1109582848487,182.08395253994567,538.0,14.0,73360.13289224803,12486.283014785222,0.7147415608177456,1.0666666666666667,0.9315076021179007,1.0,1.0651651769038881,208757.8133565096,1344.3322992722588,5540.976720630468,767.9158542860723
4,67,6.621155446022148,505137.13779931696,0,-17.19721372356523,0.8382,0.29352264718842014,1.2637677063264303,385.95581942865596,315.84666103906915,974.0,5.0,7546.3883528491215,3480.709628261417,0.8765101932778806,1.1666666666666667,0.9723853984453943,1.0,0.8318876533032069,1222.8712080043426,254.06042133466636,1197.700678445705,472.5608907423607
4,66,6.568799002390406,524421.1466309163,0,-61.96848592480585,1.0668,0.17425179078272532,0.9652673202516288,427.3270354650884,255.93274868500325,1087.0,6.0,22118.17720061955,4763.547749176547,0.8805227337407406,1.1428571428571428,0.9596181844307042,1.0,1.1448690458833477,21623.998597486494,1940.140236685593,969.1025971952909,767.2046626054392
4,61,6.08563314902764,524988.2824219426,0,-12.077109875452056,1.1176,0.22676889561041647,1.654048,406.45719544819536,347.1705065837285,837.0,3.0,12298.423447089572,1926.6353507379251,0.9151350313467499,1.25,0.9518452531796869,1.0,1.0893576908161344,2077.24431016758,49.91871608520826,1327.6933859498479,387.1665534205408
4,71,9.052156830705995,546056.4625886492,0,-80.16490985897065,0.8382,0.24921897525808318,0.4230931933490518,472.4038270119335,255.12599950591937,872.0,21.0,14637.482571913157,23948.274799543487,0.6965960160831586,1.0454545454545454,0.9729870402179548,1.0,0.9258575172428127,7775.694339899933,39229.920083384306,696.5357373338993,1139.8020333257975
4,68,9.63306384461569,546293.3578578101,0,-13.232756254382753,0.8382,0.3019595628520267,1.3213521751962407,427.77282974932984,361.80568169193197,742.0,7.0,9329.539512067884,1886.908670276987,0.9421270851941217,1.125,0.9829572587184923,1.0,0.8135310440491297,2037.6082939857536,100.11359753401351,1419.2050286806925,357.9614644104083
4,4,6.621155446022148,564062.052176076,0,-27.498887301012452,0.8382,0.2911234832770094,1.2637677063264303,337.61227736469704,254.80385853935942,852.0,5.0,51761.84687095102,3480.709628261417,0.8860393160599639,1.1666666666666667,0.9723853984453943,1.0,0.837083744710478,238416.1900949612,245.32528358224727,5589.394787221834,480.6821869826462
4,80,9.743803901967595,595686.1673418417,0,-127.19128388539534,0.9398,0.27840070720871485,0.40341971687691436,513.1638560489763,221.00909537253045,880.0,24.0,33409.919343977475,5665.311355060844,0.8029048236030594,1.04,0.959404668807123,1.0,0.9375207893238466,95378.27617332202,1134.8748804566344,3937.833201837856,616.3873361407527
4,73,9.617196379639683,637773.2853991404,0,-10.55659831293228,0.9398,0.2733904629300671,1.514821232891647,519.1583871057344,449.2676270201646,902.0,6.0,7075.324170015673,3475.3195438205744,0.9389472980510518,1.1428571428571428,0.959404668807123,1.0,0.9469199321295096,1131.3398884694755,912.0118181245354,367.00614208616355,559.1566566217448
4,58,10.916817512023425,810938.0015382098,0,-66.12695498174642,1.0668,0.31033512008277886,1.654048,592.3638575234123,346.15461812348497,680.0,6.0,60551.64956008218,2024.8078526863544,0.9302798459727154,1.1428571428571428,0.9494545669928941,1.0,0.9460973106245333,230352.0087860862,56.774771288653525,4752.466027794425,321.11760033096
4,24,10.916817512023425,810943.7281050757,0,-49.56953002457888,1.0668,0.3813108457201291,1.654048,592.3638575234123,383.23455950808517,680.0,6.0,60551.64956008218,2024.8078526863544,0.9364788519144494,1.1428571428571428,0.952667253234783,1.0,0.8253008563211943,230352.0087860862,51.048204422868885,4752.466027794425,282.9384752770418
4,65,6.936894827482941,837914.1221061992,0,-71.07055181914576,1.2191999999999998,0.4856405302463099,1.514821232891647,733.1632066240028,416.4030833373462,1766.0,4.0,15679.543189024618,1627.0489426229262,0.9002787111001402,1.2,0.955432612223051,1.0,0.7461981871899501,15847.368316018717,59.9662017849957,2149.9269275721745,273.83629720682046
4,18,6.9868124849217885,840502.4087940053,0,-56.691227823104875,0.9398,0.1754438786741201,1.3330426849446493,400.58017266529777,247.74391168798883,958.0,5.0,61379.392531733145,2425.0317738368726,0.8881730073969849,1.1666666666666667,0.9416962853777491,1.0,1.1159089759511693,451808.2092629577,164.8831342501461,6405.824606906099,494.273547014299
5,83,6.589480532810984,353936.66507768957,0,-15.338872113176162,0.8382,0.2911234832770094,0.3492114147326364,220.8432140352645,183.51776957620655,420.0,18.0,70478.12767148115,16965.12908281379,0.7276615480815669,1.0526315789473684,0.9709413737567432,1.0,0.8392889584770902,146720.88212421155,1906.3410817864624,5366.136607891853,761.8497806449183
5,86,8.403766714683035,354605.017249701,0,-32.042197568109756,0.8382,0.18374813034489965,0.39344479449912056,281.6481271978914,205.51927230874472,420.0,21.0,31920.643734076875,34684.62626563882,0.7164151993143937,1.0454545454545454,0.967762919113521,1.0,1.0580879932203122,16894.066000946816,30807.293947243597,974.7401769478802,1351.4813152190736
5,92,8.596314933941079,367517.1022734918,0,-26.143992020448607,0.8382,0.24921897525808318,0.3592472958032378,288.1012865002034,219.68317576857143,420.0,23.0,31920.643734076875,26863.931244020183,0.7858632979117647,1.0416666666666667,0.9819997584193993,1.0,0.9286547458583359,17164.185685606073,24078.24854110561,974.7401769478802,1110.5642761141219
5,60,6.758318346254449,368961.506682147,0,-48.92186716649672,0.8382,0.28250811287529537,0.37446902002088733,313.0577492100917,203.38744258569724,774.0,18.0,35775.28846488047,9417.468062886706,0.7454432046883726,1.0526315789473684,0.9777999220862379,1.0,0.8556505643212549,69589.9156557309,1965.068183675557,4159.331068265496,683.7617938315184
5,91,6.758318346254449,369503.93666847365,0,-49.78224964235723,0.8382,0.24943331224533488,0.45484751199842927,313.0577492100917,202.25688018713308,774.0,14.0,35775.28846488047,7753.257836000578,0.7713290041377587,1.0666666666666667,0.9798210524620556,1.0,0.9254141516559834,69589.9156557309,1422.6381973488988,4159.331068265496,689.8048471094459
5,74,5.786799121153453,375887.39511715417,0,-10.81701758413933,0.9398,0.2805742545259296,0.8775182947817812,304.7655906326561,263.1440499762899,880.0,6.0,31465.992354338046,2604.5021698910164,0.9008144006026888,1.1428571428571428,0.959404668807123,1.0,0.9334250198566885,49371.9321979671,164.51331753478786,3753.4455570359105,473.1043240039271
5,87,5.786799121153453,382023.1029682568,0,-23.8430450540083,0.9398,0.26294839781379853,0.8503545440311968,295.0685036579806,229.01391653254865,852.0,6.0,28218.848142104995,8756.62347581639,0.8598691521955538,1.1428571428571428,0.9452087914808274,1.0,0.9663135070529338,30829.929096609892,2873.721593113911,1177.6106290695018,846.6846357160003
5,95,6.569905485230538,404428.2961464058,0,-47.823586505603906,0.9398,0.28250139560660964,0.4636656926476006,346.0084035555579,226.4103411438195,880.0,14.0,33409.919343977475,4929.194329275639,0.8256003881662761,1.0666666666666667,0.9614739877100058,1.0,0.9297845255490944,70806.56296673714,665.5803758892216,3937.833201837856,593.9770139959614
5,82,8.596314933941079,409219.53595644014,0,-63.252443578196676,0.8382,0.24921897525808318,0.3598067745118425,333.37434580737823,198.13937837547056,486.0,23.0,40604.682609083786,16465.550811734935,0.7004273997850831,1.0416666666666667,0.9721099454602935,1.0,0.9286547458583359,41653.27839228256,3159.781458655508,3452.066347809641,727.2895038884379
5,99,8.596314933941079,409233.74687653,0,-19.360424823416306,0.8382,0.24921897525808318,0.3598067745118425,333.37434580737823,268.07108956144856,486.0,23.0,18390.494332389968,37927.26157498713,0.7004273997850831,1.0416666666666667,0.9721099454602935,1.0,0.9286547458583359,4191.767397492498,40607.08153335571,627.055926558254,1136.407618042295
5,19,8.596314933941079,409966.8126834361,0,-17.497301094567803,0.8382,0.24921897525808318,0.3598067745118425,333.37434580737823,272.148319047465,486.0,23.0,17627.912929394395,37927.26157498713,0.7004273997850831,1.0416666666666667,0.9721099454602935,1.0,0.9286547458583359,3458.7015905864664,40607.08153335571,606.1669752423643,1136.407618042295
5,77,8.596314933941079,447656.1369200837,0,-46.30591552733351,0.8382,0.24681981124693586,0.3598067745118425,288.1012865002034,190.4097969310114,420.0,23.0,70478.12767148115,11644.437534058945,0.7854416313623508,1.0416666666666667,0.9819997584193993,1.0,0.9336397772250163,173139.81299395044,1863.8725740701766,5366.136607891853,719.0625829441861
5,44,8.596314933941079,447664.4170149547,0,-45.87042916256439,0.8382,0.24921897525808318,0.3598067745118425,288.1012865002034,190.95941338495922,420.0,23.0,70478.12767148115,11644.437534058945,0.7861369784648062,1.0416666666666667,0.9819997584193993,1.0,0.9286547458583359,173139.81299395044,1855.5924791991383,5366.136607891853,715.8564379032191
5,63,5.7070324500258005,448976.66020534525,0,-4.559309898637448,1.0668,0.1875503759542571,1.654048,309.6726452911069,282.6529717808657,680.0,3.0,60551.64956008218,2024.8078526863544,0.9202089522355712,1.25,0.9551630652981508,1.0,1.1304872914485666,151080.72645427863,55.62154004028199,4752.466027794425,417.62667140177507
5,16,6.568799002390406,463066.29107400717,0,-34.22546821327,1.0668,0.17425179078272532,0.9652673202516288,356.43346717725865,256.01168503973895,680.0,6.0,25197.546128487284,11301.010885531914,0.8205714628509537,1.1428571428571428,0.9346758397984747,1.0,1.1477778378069936,11041.034263822348,2984.391839429109,806.7113244606121,903.1750631789477
5,98,5.786799121153453,472883.0445593886,0,-78.55443731643166,0.9398,0.15315844744371673,0.8503545440311968,382.3422864300594,208.29912478276677,1104.0,6.0,37622.38216279549,4741.835135698765,0.7780274888455803,1.1428571428571428,0.9290062973138665,1.0,1.1493088785033754,102853.01349307183,591.1653637426612,4330.260337471074,654.6001197355739
5,69,6.478168448183355,473803.34934208606,0,-47.737764314423366,0.9398,0.20880217625233063,0.43464589645162055,278.1109582848487,182.08395253994567,538.0,14.0,73360.13289224803,12486.283014785222,0.7147415608177456,1.0666666666666667,0.9315076021179007,1.0,1.0651651769038881,208757.8133565096,1344.3322992722588,5540.976720630468,767.9158542860723
5,67,6.621155446022148,505137.13779931696,0,-17.19721372356523,0.8382,0.29352264718842014,1.2637677063264303,385.95581942865596,315.84666103906915,974.0,5.0,7546.3883528491215,3480.709628261417,0.8765101932778806,1.1666666666666667,0.9723853984453943,1.0,0.8318876533032069,1222.8712080043426,254.06042133466636,1197.700678445705,472.5608907423607
5,66,6.568799002390406,524421.1466309163,0,-61.96848592480585,1.0668,0.17425179078272532,0.9652673202516288,427.3270354650884,255.93274868500325,1087.0,6.0,22118.17720061955,4763.547749176547,0.8805227337407406,1.1428571428571428,0.9596181844307042,1.0,1.1448690458833477,21623.998597486494,1940.140236685593,969.1025971952909,767.2046626054392
5,61,6.08563314902764,524988.2824219426,0,-12.077109875452056,1.1176,0.22676889561041647,1.654048,406.45719544819536,347.1705065837285,837.0,3.0,12298.423447089572,1926.6353507379251,0.9151350313467499,1.25,0.9518452531796869,1.0,1.0893576908161344,2077.24431016758,49.91871608520826,1327.6933859498479,387.1665534205408
6,106,6.545440237205634,352293.1950120287,0,-16.59137420338229,0.8382,0.18374813034489965,0.39344479449912056,219.36722508892495,180.41347630630105,420.0,16.0,70478.12767148115,10648.8828133263,0.784103790383155,1.0588235294117647,0.9808933229643638,1.0,1.0580879932203122,146141.11454377472,1494.054620671036,5366.136607891853,782.8310096918229
6,83,6.589480532810984,353936.66507768957,0,-15.338872113176162,0.8382,0.2911234832770094,0.3492114147326364,220.8432140352645,183.51776957620655,420.0,18.0,70478.12767148115,16965.12908281379,0.7276615480815669,1.0526315789473684,0.9709413737567432,1.0,0.8392889584770902,146720.88212421155,1906.3410817864624,5366.136607891853,761.8497806449183
6,86,8.403766714683035,354605.017249701,0,-32.042197568109756,0.8382,0.18374813034489965,0.39344479449912056,281.6481271978914,205.51927230874472,420.0,21.0,31920.643734076875,34684.62626563882,0.7164151993143937,1.0454545454545454,0.967762919113521,1.0,1.0580879932203122,16894.066000946816,30807.293947243597,974.7401769478802,1351.4813152190736
6,92,8.596314933941079,367517.1022734918,0,-26.143992020448607,0.8382,0.24921897525808318,0.3592472958032378,288.1012865002034,219.68317576857143,420.0,23.0,31920.643734076875,26863.931244020183,0.7858632979117647,1.0416666666666667,0.9819997584193993,1.0,0.9286547458583359,17164.185685606073,24078.24854110561,974.7401769478802,1110.5642761141219
6,60,6.758318346254449,368961.506682147,0,-48.92186716649672,0.8382,0.28250811287529537,0.37446902002088733,313.0577492100917,203.38744258569724,774.0,18.0,35775.28846488047,9417.468062886706,0.7454432046883726,1.0526315789473684,0.9777999220862379,1.0,0.8556505643212549,69589.9156557309,1965.068183675557,4159.331068265496,683.7617938315184
6,91,6.758318346254449,369503.93666847365,0,-49.78224964235723,0.8382,0.24943331224533488,0.45484751199842927,313.0577492100917,202.25688018713308,774.0,14.0,35775.28846488047,7753.257836000578,0.7713290041377587,1.0666666666666667,0.9798210524620556,1.0,0.9254141516559834,69589.9156557309,1422.6381973488988,4159.331068265496,689.8048471094459
6,74,5.786799121153453,375887.39511715417,0,-10.81701758413933,0.9398,0.2805742545259296,0.8775182947817812,304.7655906326561,263.1440499762899,880.0,6.0,31465.992354338046,2604.5021698910164,0.9008144006026888,1.1428571428571428,0.959404668807123,1.0,0.9334250198566885,49371.9321979671,164.51331753478786,3753.4455570359105,473.1043240039271
6,114,6.758318346254449,379087.69489202084,0,-39.9345967760997,0.8382,0.24943331224533488,0.3615363136445662,307.39520594272574,212.0923594368577,760.0,18.0,23726.11047737512,22468.462146897215,0.7291249660161221,1.0526315789473684,0.9798210524620556,1.0,0.9254141516559834,18809.20953386323,30156.551516841675,1025.0652938448122,1158.8277631746828
6,87,5.786799121153453,382023.1029682568,0,-23.8430450540083,0.9398,0.26294839781379853,0.8503545440311968,295.0685036579806,229.01391653254865,852.0,6.0,28218.848142104995,8756.62347581639,0.8598691521955538,1.1428571428571428,0.9452087914808274,1.0,0.9663135070529338,30829.929096609892,2873.721593113911,1177.6106290695018,846.6846357160003
6,95,6.569905485230538,404428.2961464058,0,-47.823586505603906,0.9398,0.28250139560660964,0.4636656926476006,346.0084035555579,226.4103411438195,880.0,14.0,33409.919343977475,4929.194329275639,0.8256003881662761,1.0666666666666667,0.9614739877100058,1.0,0.9297845255490944,70806.56296673714,665.5803758892216,3937.833201837856,593.9770139959614
6,82,8.596314933941079,409219.53595644014,0,-63.252443578196676,0.8382,0.24921897525808318,0.3598067745118425,333.37434580737823,198.13937837547056,486.0,23.0,40604.682609083786,16465.550811734935,0.7004273997850831,1.0416666666666667,0.9721099454602935,1.0,0.9286547458583359,41653.27839228256,3159.781458655508,3452.066347809641,727.2895038884379
6,99,8.596314933941079,409233.74687653,0,-19.360424823416306,0.8382,0.24921897525808318,0.3598067745118425,333.37434580737823,268.07108956144856,486.0,23.0,18390.494332389968,37927.26157498713,0.7004273997850831,1.0416666666666667,0.9721099454602935,1.0,0.9286547458583359,4191.767397492498,40607.08153335571,627.055926558254,1136.407618042295
6,19,8.596314933941079,409966.8126834361,0,-17.497301094567803,0.8382,0.24921897525808318,0.3598067745118425,333.37434580737823,272.148319047465,486.0,23.0,17627.912929394395,37927.26157498713,0.7004273997850831,1.0416666666666667,0.9721099454602935,1.0,0.9286547458583359,3458.7015905864664,40607.08153335571,606.1669752423643,1136.407618042295
6,111,8.596314933941079,432648.05971414136,0,-29.571441542929556,0.8382,0.24909298876099792,0.3598067745118425,315.53950426212754,234.47731602211266,460.0,23.0,11188.891766536924,16465.550811734935,0.7074785218713215,1.0416666666666667,0.9774807789283748,1.0,0.9289169151933188,1122.9369615474982,2426.757586438722,1230.9712115271843,802.1970812569323
6,116,8.447807004448244,437542.055334345,0,-43.611485836444324,0.8382,0.2911234832770094,0.390435441230716,347.3326208153938,233.71855739175757,687.0,21.0,18579.162740477837,20805.398588422602,0.7707874540679998,1.0454545454545454,0.982085135268696,1.0,0.837083744710478,11272.819482100322,19175.995998948507,842.9294009768414,1131.1190988507894
6,118,8.596314933941079,443036.0020820651,0,-76.71315573014742,0.8382,0.24921897525808318,0.336819612780124,353.4385425457853,194.50355210970974,687.0,25.0,40305.78351065136,7402.392204205611,0.793007279904919,1.0384615384615385,0.982652743884107,1.0,0.9258575172428127,103141.48591332813,1822.93637704836,4575.6296859948425,722.7032043436469
6,77,8.596314933941079,447656.1369200837,0,-46.30591552733351,0.8382,0.24681981124693586,0.3598067745118425,288.1012865002034,190.4097969310114,420.0,23.0,70478.12767148115,11644.437534058945,0.7854416313623508,1.0416666666666667,0.9819997584193993,1.0,0.9336397772250163,173139.81299395044,1863.8725740701766,5366.136607891853,719.0625829441861
6,44,8.596314933941079,447664.4170149547,0,-45.87042916256439,0.8382,0.24921897525808318,0.3598067745118425,288.1012865002034,190.95941338495922,420.0,23.0,70478.12767148115,11644.437534058945,0.7861369784648062,1.0416666666666667,0.9819997584193993,1.0,0.9286547458583359,173139.81299395044,1855.5924791991383,5366.136607891853,715.8564379032191
6,63,5.7070324500258005,448976.66020534525,0,-4.559309898637448,1.0668,0.1875503759542571,1.654048,309.6726452911069,282.6529717808657,680.0,3.0,60551.64956008218,2024.8078526863544,0.9202089522355712,1.25,0.9551630652981508,1.0,1.1304872914485666,151080.72645427863,55.62154004028199,4752.466027794425,417.62667140177507
6,16,6.568799002390406,463066.29107400717,0,-34.22546821327,1.0668,0.17425179078272532,0.9652673202516288,356.43346717725865,256.01168503973895,680.0,6.0,25197.546128487284,11301.010885531914,0.8205714628509537,1.1428571428571428,0.9346758397984747,1.0,1.1477778378069936,11041.034263822348,2984.391839429109,806.7113244606121,903.1750631789477
7,127,6.545716185152511,352238.2803111321,0,-17.402179825213633,0.8382,0.175440787697204,0.39344479449912056,219.37647334926828,179.2259530529038,420.0,16.0,70478.12767148115,10648.8828133263,0.7820027230701676,1.0588235294117647,0.9798561291828947,1.0,1.0733618874884514,146144.74725493818,1561.8502930743512,5366.136607891853,791.1660673713477
7,123,6.758318346254449,352266.98078179534,0,-27.46623772987025,0.8382,0.24943331224533488,0.39282452401891454,276.2512179722127,208.54462443143723,683.0,17.0,28031.957839037204,14619.956973624738,0.8185993506602856,1.0555555555555556,0.982652743884107,1.0,0.9254141516559834,30006.64061087172,14635.846579545636,1171.36713810904,1073.6192184685672
7,106,6.545440237205634,352293.1950120287,0,-16.59137420338229,0.8382,0.18374813034489965,0.39344479449912056,219.36722508892495,180.41347630630105,420.0,16.0,70478.12767148115,10648.8828133263,0.784103790383155,1.0588235294117647,0.9808933229643638,1.0,1.0580879932203122,146141.11454377472,1494.054620671036,5366.136607891853,782.8310096918229
7,83,6.589480532810984,353936.66507768957,0,-15.338872113176162,0.8382,0.2911234832770094,0.3492114147326364,220.8432140352645,183.51776957620655,420.0,18.0,70478.12767148115,16965.12908281379,0.7276615480815669,1.0526315789473684,0.9709413737567432,1.0,0.8392889584770902,146720.88212421155,1906.3410817864624,5366.136607891853,761.8497806449183
7,86,8.403766714683035,354605.017249701,0,-32.042197568109756,0.8382,0.18374813034489965,0.39344479449912056,281.6481271978914,205.51927230874472,420.0,21.0,31920.643734076875,34684.62626563882,0.7164151993143937,1.0454545454545454,0.967762919113521,1.0,1.0580879932203122,16894.066000946816,30807.293947243597,974.7401769478802,1351.4813152190736
7,92,8.596314933941079,367517.1022734918,0,-26.143992020448607,0.8382,0.24921897525808318,0.3592472958032378,288.1012865002034,219.68317576857143,420.0,23.0,31920.643734076875,26863.931244020183,0.7858632979117647,1.0416666666666667,0.9819997584193993,1.0,0.9286547458583359,17164.185685606073,24078.24854110561,974.7401769478802,1110.5642761141219
7,60,6.758318346254449,368961.506682147,0,-48.92186716649672,0.8382,0.28250811287529537,0.37446902002088733,313.0577492100917,203.38744258569724,774.0,18.0,35775.28846488047,9417.468062886706,0.7454432046883726,1.0526315789473684,0.9777999220862379,1.0,0.8556505643212549,69589.9156557309,1965.068183675557,4159.331068265496,683.7617938315184
7,91,6.758318346254449,369503.93666847365,0,-49.78224964235723,0.8382,0.24943331224533488,0.45484751199842927,313.0577492100917,202.25688018713308,774.0,14.0,35775.28846488047,7753.257836000578,0.7713290041377587,1.0666666666666667,0.9798210524620556,1.0,0.9254141516559834,69589.9156557309,1422.6381973488988,4159.331068265496,689.8048471094459
7,121,6.830213601438322,372460.84624312236,0,-51.86361416218022,0.8382,0.29103824940575485,0.3394529287370592,316.38806980370833,201.69627704522787,774.0,20.0,35775.28846488047,10388.922109783476,0.7288762154287178,1.0476190476190477,0.9798210524620556,1.0,0.8372681426860227,70114.43505866447,2320.568619250453,4159.331068265496,692.8411581738708
7,74,5.786799121153453,375887.39511715417,0,-10.81701758413933,0.9398,0.2805742545259296,0.8775182947817812,304.7655906326561,263.1440499762899,880.0,6.0,31465.992354338046,2604.5021698910164,0.9008144006026888,1.1428571428571428,0.959404668807123,1.0,0.9334250198566885,49371.9321979671,164.51331753478786,3753.4455570359105,473.1043240039271
7,114,6.758318346254449,379087.69489202084,0,-39.9345967760997,0.8382,0.24943331224533488,0.3615363136445662,307.39520594272574,212.0923594368577,760.0,18.0,23726.11047737512,22468.462146897215,0.7291249660161221,1.0526315789473684,0.9798210524620556,1.0,0.9254141516559834,18809.20953386323,30156.551516841675,1025.0652938448122,1158.8277631746828
7,87,5.786799121153453,382023.1029682568,0,-23.8430450540083,0.9398,0.26294839781379853,0.8503545440311968,295.0685036579806,229.01391653254865,852.0,6.0,28218.848142104995,8756.62347581639,0.8598691521955538,1.1428571428571428,0.9452087914808274,1.0,0.9663135070529338,30829.929096609892,2873.721593113911,1177.6106290695018,846.6846357160003
7,139,6.569549352389911,397796.2604209066,0,-13.663643876702956,0.8382,0.29495282992889255,0.397307258297011,304.31362185293085,256.45059591219604,774.0,16.0,15531.304016197322,20445.54890003832,0.7612814885555182,1.0588235294117647,0.9798210524620556,1.0,0.828785037055161,5701.710187889904,21473.901244134388,730.3594075710151,1028.811542276207
7,95,6.569905485230538,404428.2961464058,0,-47.823586505603906,0.9398,0.28250139560660964,0.4636656926476006,346.0084035555579,226.4103411438195,880.0,14.0,33409.919343977475,4929.194329275639,0.8256003881662761,1.0666666666666667,0.9614739877100058,1.0,0.9297845255490944,70806.56296673714,665.5803758892216,3937.833201837856,593.9770139959614
7,82,8.596314933941079,409219.53595644014,0,-63.252443578196676,0.8382,0.24921897525808318,0.3598067745118425,333.37434580737823,198.13937837547056,486.0,23.0,40604.682609083786,16465.550811734935,0.7004273997850831,1.0416666666666667,0.9721099454602935,1.0,0.9286547458583359,41653.27839228256,3159.781458655508,3452.066347809641,727.2895038884379
7,99,8.596314933941079,409233.74687653,0,-19.360424823416306,0.8382,0.24921897525808318,0.3598067745118425,333.37434580737823,268.07108956144856,486.0,23.0,18390.494332389968,37927.26157498713,0.7004273997850831,1.0416666666666667,0.9721099454602935,1.0,0.9286547458583359,4191.767397492498,40607.08153335571,627.055926558254,1136.407618042295
7,19,8.596314933941079,409966.8126834361,0,-17.497301094567803,0.8382,0.24921897525808318,0.3598067745118425,333.37434580737823,272.148319047465,486.0,23.0,17627.912929394395,37927.26157498713,0.7004273997850831,1.0416666666666667,0.9721099454602935,1.0,0.9286547458583359,3458.7015905864664,40607.08153335571,606.1669752423643,1136.407618042295
7,137,7.167620725477729,414295.7288052695,0,-7.356944295871287,0.889,0.2996298166859193,0.3971641121433654,295.69851873366514,263.1777862835052,517.0,18.0,9542.493108324332,14456.047225048917,0.7264781164150929,1.0526315789473684,0.9207510426168636,1.0,0.866190584099571,657.1569380734247,1403.882990322154,1083.7964447206882,676.121662726236
7,111,8.596314933941079,432648.05971414136,0,-29.571441542929556,0.8382,0.24909298876099792,0.3598067745118425,315.53950426212754,234.47731602211266,460.0,23.0,11188.891766536924,16465.550811734935,0.7074785218713215,1.0416666666666667,0.9774807789283748,1.0,0.9289169151933188,1122.9369615474982,2426.757586438722,1230.9712115271843,802.1970812569323
7,116,8.447807004448244,437542.055334345,0,-43.611485836444324,0.8382,0.2911234832770094,0.390435441230716,347.3326208153938,233.71855739175757,687.0,21.0,18579.162740477837,20805.398588422602,0.7707874540679998,1.0454545454545454,0.982085135268696,1.0,0.837083744710478,11272.819482100322,19175.995998948507,842.9294009768414,1131.1190988507894
8,142,6.525251375840932,291019.1676806626,0,-5.717179049901491,0.8382,0.18633513811583222,0.5508973371755802,223.89752445761104,202.22473728010888,430.0,11.0,47878.0484893673,7605.314506719134,0.8360922954667014,1.0833333333333333,0.9808933229643638,1.0,1.0532712060787999,52818.0088052284,718.5979717200464,3938.4686262336804,694.6708282531387
8,155,6.758318346254449,307001.227004554,0,-10.132741790674647,0.8382,0.2100438262369261,0.4872930672904583,231.89462904451239,201.41501491046316,430.0,13.0,45892.73429770865,8598.003524718773,0.823268928275562,1.0714285714285714,0.9781865424922894,1.0,1.0078895343956864,44656.64712234437,895.0049176140236,3807.2674432002705,694.8710815269111
8,127,6.545716185152511,352238.2803111321,0,-17.402179825213633,0.8382,0.175440787697204,0.39344479449912056,219.37647334926828,179.2259530529038,420.0,16.0,70478.12767148115,10648.8828133263,0.7820027230701676,1.0588235294117647,0.9798561291828947,1.0,1.0733618874884514,146144.74725493818,1561.8502930743512,5366.136607891853,791.1660673713477
8,123,6.758318346254449,352266.98078179534,0,-27.46623772987025,0.8382,0.24943331224533488,0.39282452401891454,276.2512179722127,208.54462443143723,683.0,17.0,28031.957839037204,14619.956973624738,0.8185993506602856,1.0555555555555556,0.982652743884107,1.0,0.9254141516559834,30006.64061087172,14635.846579545636,1171.36713810904,1073.6192184685672
8,106,6.545440237205634,352293.1950120287,0,-16.59137420338229,0.8382,0.18374813034489965,0.39344479449912056,219.36722508892495,180.41347630630105,420.0,16.0,70478.12767148115,10648.8828133263,0.784103790383155,1.0588235294117647,0.9808933229643638,1.0,1.0580879932203122,146141.11454377472,1494.054620671036,5366.136607891853,782.8310096918229
8,83,6.589480532810984,353936.66507768957,0,-15.338872113176162,0.8382,0.2911234832770094,0.3492114147326364,220.8432140352645,183.51776957620655,420.0,18.0,70478.12767148115,16965.12908281379,0.7276615480815669,1.0526315789473684,0.9709413737567432,1.0,0.8392889584770902,146720.88212421155,1906.3410817864624,5366.136607891853,761.8497806449183
8,86,8.403766714683035,354605.017249701,0,-32.042197568109756,0.8382,0.18374813034489965,0.39344479449912056,281.6481271978914,205.51927230874472,420.0,21.0,31920.643734076875,34684.62626563882,0.7164151993143937,1.0454545454545454,0.967762919113521,1.0,1.0580879932203122,16894.066000946816,30807.293947243597,974.7401769478802,1351.4813152190736
8,92,8.596314933941079,367517.1022734918,0,-26.143992020448607,0.8382,0.24921897525808318,0.3592472958032378,288.1012865002034,219.68317576857143,420.0,23.0,31920.643734076875,26863.931244020183,0.7858632979117647,1.0416666666666667,0.9819997584193993,1.0,0.9286547458583359,17164.185685606073,24078.24854110561,974.7401769478802,1110.5642761141219
8,60,6.758318346254449,368961.506682147,0,-48.92186716649672,0.8382,0.28250811287529537,0.37446902002088733,313.0577492100917,203.38744258569724,774.0,18.0,35775.28846488047,9417.468062886706,0.7454432046883726,1.0526315789473684,0.9777999220862379,1.0,0.8556505643212549,69589.9156557309,1965.068183675557,4159.331068265496,683.7617938315184
8,91,6.758318346254449,369503.93666847365,0,-49.78224964235723,0.8382,0.24943331224533488,0.45484751199842927,313.0577492100917,202.25688018713308,774.0,14.0,35775.28846488047,7753.257836000578,0.7713290041377587,1.0666666666666667,0.9798210524620556,1.0,0.9254141516559834,69589.9156557309,1422.6381973488988,4159.331068265496,689.8048471094459
8,121,6.830213601438322,372460.84624312236,0,-51.86361416218022,0.8382,0.29103824940575485,0.3394529287370592,316.38806980370833,201.69627704522787,774.0,20.0,35775.28846488047,10388.922109783476,0.7288762154287178,1.0476190476190477,0.9798210524620556,1.0,0.8372681426860227,70114.43505866447,2320.568619250453,4159.331068265496,692.8411581738708
8,74,5.786799121153453,375887.39511715417,0,-10.81701758413933,0.9398,0.2805742545259296,0.8775182947817812,304.7655906326561,263.1440499762899,880.0,6.0,31465.992354338046,2604.5021698910164,0.9008144006026888,1.1428571428571428,0.959404668807123,1.0,0.9334250198566885,49371.9321979671,164.51331753478786,3753.4455570359105,473.1043240039271
8,114,6.758318346254449,379087.69489202084,0,-39.9345967760997,0.8382,0.24943331224533488,0.3615363136445662,307.39520594272574,212.0923594368577,760.0,18.0,23726.11047737512,22468.462146897215,0.7291249660161221,1.0526315789473684,0.9798210524620556,1.0,0.9254141516559834,18809.20953386323,30156.551516841675,1025.0652938448122,1158.8277631746828
8,87,5.786799121153453,382023.1029682568,0,-23.8430450540083,0.9398,0.26294839781379853,0.8503545440311968,295.0685036579806,229.01391653254865,852.0,6.0,28218.848142104995,8756.62347581639,0.8598691521955538,1.1428571428571428,0.9452087914808274,1.0,0.9663135070529338,30829.929096609892,2873.721593113911,1177.6106290695018,846.6846357160003
8,139,6.569549352389911,397796.2604209066,0,-13.663643876702956,0.8382,0.29495282992889255,0.397307258297011,304.31362185293085,256.45059591219604,774.0,16.0,15531.304016197322,20445.54890003832,0.7612814885555182,1.0588235294117647,0.9798210524620556,1.0,0.828785037055161,5701.710187889904,21473.901244134388,730.3594075710151,1028.811542276207
8,95,6.569905485230538,404428.2961464058,0,-47.823586505603906,0.9398,0.28250139560660964,0.4636656926476006,346.0084035555579,226.4103411438195,880.0,14.0,33409.919343977475,4929.194329275639,0.8256003881662761,1.0666666666666667,0.9614739877100058,1.0,0.9297845255490944,70806.56296673714,665.5803758892216,3937.833201837856,593.9770139959614
8,157,5.9024297276171875,407582.61236200284,0,-19.500786854149194,0.9398,0.2627538471876033,0.8503722338634073,307.32290556059064,246.8441471945192,870.0,6.0,22006.697935703916,8756.441316529139,0.8580903311432482,1.1428571428571428,0.9452087914808274,1.0,0.9666722450996451,17511.816209313896,2886.726989273887,965.1930740691764,845.2338567300048
8,82,8.596314933941079,409219.53595644014,0,-63.252443578196676,0.8382,0.24921897525808318,0.3598067745118425,333.37434580737823,198.13937837547056,486.0,23.0,40604.682609083786,16465.550811734935,0.7004273997850831,1.0416666666666667,0.9721099454602935,1.0,0.9286547458583359,41653.27839228256,3159.781458655508,3452.066347809641,727.2895038884379
8,99,8.596314933941079,409233.74687653,0,-19.360424823416306,0.8382,0.24921897525808318,0.3598067745118425,333.37434580737823,268.07108956144856,486.0,23.0,18390.494332389968,37927.26157498713,0.7004273997850831,1.0416666666666667,0.9721099454602935,1.0,0.9286547458583359,4191.767397492498,40607.08153335571,627.055926558254,1136.407618042295
8,19,8.596314933941079,409966.8126834361,0,-17.497301094567803,0.8382,0.24921897525808318,0.3598067745118425,333.37434580737823,272.148319047465,486.0,23.0,17627.912929394395,37927.26157498713,0.7004273997850831,1.0416666666666667,0.9721099454602935,1.0,0.9286547458583359,3458.7015905864664,40607.08153335571,606.1669752423643,1136.407618042295
9,142,6.525251375840932,291019.1676806626,0,-5.717179049901491,0.8382,0.18633513811583222,0.5508973371755802,223.89752445761104,202.22473728010888,430.0,11.0,47878.0484893673,7605.314506719134,0.8360922954667014,1.0833333333333333,0.9808933229643638,1.0,1.0532712060787999,52818.0088052284,718.5979717200464,3938.4686262336804,694.6708282531387
9,174,5.78183558225704,292646.8594617481,0,-2.0092786035674193,0.7365999999999999,0.25583578833434156,0.3068827584014077,192.39127899656373,179.78934304314606,556.0,18.0,49802.29005722569,13649.554559781129,0.7234212508939664,1.0526315789473684,0.9457023604276722,1.0,0.8491856455948139,114981.95145774659,3005.2809925622214,5419.465118276861,799.3782425830149
9,155,6.758318346254449,307001.227004554,0,-10.132741790674647,0.8382,0.2100438262369261,0.4872930672904583,231.89462904451239,201.41501491046316,430.0,13.0,45892.73429770865,8598.003524718773,0.823268928275562,1.0714285714285714,0.9781865424922894,1.0,1.0078895343956864,44656.64712234437,895.0049176140236,3807.2674432002705,694.8710815269111
9,127,6.545716185152511,352238.2803111321,0,-17.402179825213633,0.8382,0.175440787697204,0.39344479449912056,219.37647334926828,179.2259530529038,420.0,16.0,70478.12767148115,10648.8828133263,0.7820027230701676,1.0588235294117647,0.9798561291828947,1.0,1.0733618874884514,146144.74725493818,1561.8502930743512,5366.136607891853,791.1660673713477
9,123,6.758318346254449,352266.98078179534,0,-27.46623772987025,0.8382,0.24943331224533488,0.39282452401891454,276.2512179722127,208.54462443143723,683.0,17.0,28031.957839037204,14619.956973624738,0.8185993506602856,1.0555555555555556,0.982652743884107,1.0,0.9254141516559834,30006.64061087172,14635.846579545636,1171.36713810904,1073.6192184685672
9,106,6.545440237205634,352293.1950120287,0,-16.59137420338229,0.8382,0.18374813034489965,0.39344479449912056,219.36722508892495,180.41347630630105,420.0,16.0,70478.12767148115,10648.8828133263,0.784103790383155,1.0588235294117647,0.9808933229643638,1.0,1.0580879932203122,146141.11454377472,1494.054620671036,5366.136607891853,782.8310096918229
9,83,6.589480532810984,353936.66507768957,0,-15.338872113176162,0.8382,0.2911234832770094,0.3492114147326364,220.8432140352645,183.51776957620655,420.0,18.0,70478.12767148115,16965.12908281379,0.7276615480815669,1.0526315789473684,0.9709413737567432,1.0,0.8392889584770902,146720.88212421155,1906.3410817864624,5366.136607891853,761.8497806449183
9,86,8.403766714683035,354605.017249701,0,-32.042197568109756,0.8382,0.18374813034489965,0.39344479449912056,281.6481271978914,205.51927230874472,420.0,21.0,31920.643734076875,34684.62626563882,0.7164151993143937,1.0454545454545454,0.967762919113521,1.0,1.0580879932203122,16894.066000946816,30807.293947243597,974.7401769478802,1351.4813152190736
9,166,6.598655503764377,354777.95239028573,0,-17.571076650818682,0.8382,0.18374813034489965,0.3935661340190418,221.15070869496313,180.426504145818,420.0,16.0,70478.12767148115,10645.599679396377,0.78415833347553,1.0588235294117647,0.9808933229643638,1.0,1.0580879932203122,146841.66584369185,1493.3321483692462,5366.136607891853,782.7405429261389
9,92,8.596314933941079,367517.1022734918,0,-26.143992020448607,0.8382,0.24921897525808318,0.3592472958032378,288.1012865002034,219.68317576857143,420.0,23.0,31920.643734076875,26863.931244020183,0.7858632979117647,1.0416666666666667,0.9819997584193993,1.0,0.9286547458583359,17164.185685606073,24078.24854110561,974.7401769478802,1110.5642761141219
9,60,6.758318346254449,368961.506682147,0,-48.92186716649672,0.8382,0.28250811287529537,0.37446902002088733,313.0577492100917,203.38744258569724,774.0,18.0,35775.28846488047,9417.468062886706,0.7454432046883726,1.0526315789473684,0.9777999220862379,1.0,0.8556505643212549,69589.9156557309,1965.068183675557,4159.331068265496,683.7617938315184
9,91,6.758318346254449,369503.93666847365,0,-49.78224964235723,0.8382,0.24943331224533488,0.45484751199842927,313.0577492100917,202.25688018713308,774.0,14.0,35775.28846488047,7753.257836000578,0.7713290041377587,1.0666666666666667,0.9798210524620556,1.0,0.9254141516559834,69589.9156557309,1422.6381973488988,4159.331068265496,689.8048471094459
9,121,6.830213601438322,372460.84624312236,0,-51.86361416218022,0.8382,0.29103824940575485,0.3394529287370592,316.38806980370833,201.69627704522787,774.0,20.0,35775.28846488047,10388.922109783476,0.7288762154287178,1.0476190476190477,0.9798210524620556,1.0,0.8372681426860227,70114.43505866447,2320.568619250453,4159.331068265496,692.8411581738708
9,74,5.786799121153453,375887.39511715417,0,-10.81701758413933,0.9398,0.2805742545259296,0.8775182947817812,304.7655906326561,263.1440499762899,880.0,6.0,31465.992354338046,2604.5021698910164,0.9008144006026888,1.1428571428571428,0.959404668807123,1.0,0.9334250198566885,49371.9321979671,164.51331753478786,3753.4455570359105,473.1043240039271
9,114,6.758318346254449,379087.69489202084,0,-39.9345967760997,0.8382,0.24943331224533488,0.3615363136445662,307.39520594272574,212.0923594368577,760.0,18.0,23726.11047737512,22468.462146897215,0.7291249660161221,1.0526315789473684,0.9798210524620556,1.0,0.9254141516559834,18809.20953386323,30156.551516841675,1025.0652938448122,1158.8277631746828
9,163,6.942460948537224,381442.79826427024,0,-51.984462110790055,0.889,0.18653000520230506,0.41728993355967336,302.4751338169294,192.67838979087043,546.0,16.0,54213.944362677794,13758.834564405035,0.6931675070534884,1.0588235294117647,0.9244284551051938,1.0,1.0848169290136336,92830.08601244101,2141.3315651001044,4350.178149432616,728.3921566119153
9,87,5.786799121153453,382023.1029682568,0,-23.8430450540083,0.9398,0.26294839781379853,0.8503545440311968,295.0685036579806,229.01391653254865,852.0,6.0,28218.848142104995,8756.62347581639,0.8598691521955538,1.1428571428571428,0.9452087914808274,1.0,0.9663135070529338,30829.929096609892,2873.721593113911,1177.6106290695018,846.6846357160003
9,168,6.521046259002101,383826.19472376374,0,-6.577825223416143,0.8382,0.2970263406640433,0.5508973371755802,278.26056561338845,249.38697725665264,713.0,11.0,20617.622035554123,4525.835773049845,0.8715507405621551,1.0833333333333333,0.9829572587184923,1.0,0.8242800983803219,14627.757490881791,464.8633987429118,2676.3803567207788,548.1673544488517
9,175,8.556066380985184,384747.61491906346,0,-9.2318459717096,0.8382,0.24927212706099708,0.3592472958032378,293.5798134751082,257.0034747996767,430.0,23.0,20785.53545474773,26863.931244020183,0.7834502176123195,1.0416666666666667,0.9819997584193993,1.0,0.9285441276120788,5216.109984692833,24274.338571351902,691.5769784569239,1107.0222849969123
9,139,6.569549352389911,397796.2604209066,0,-13.663643876702956,0.8382,0.29495282992889255,0.397307258297011,304.31362185293085,256.45059591219604,774.0,16.0,15531.304016197322,20445.54890003832,0.7612814885555182,1.0588235294117647,0.9798210524620556,1.0,0.828785037055161,5701.710187889904,21473.901244134388,730.3594075710151,1028.811542276207
10,142,6.525251375840932,291019.1676806626,0,-5.717179049901491,0.8382,0.18633513811583222,0.5508973371755802,223.89752445761104,202.22473728010888,430.0,11.0,47878.0484893673,7605.314506719134,0.8360922954667014,1.0833333333333333,0.9808933229643638,1.0,1.0532712060787999,52818.0088052284,718.5979717200464,3938.4686262336804,694.6708282531387
10,174,5.78183558225704,292646.8594617481,0,-2.0092786035674193,0.7365999999999999,0.25583578833434156,0.3068827584014077,192.39127899656373,179.78934304314606,556.0,18.0,49802.29005722569,13649.554559781129,0.7234212508939664,1.0526315789473684,0.9457023604276722,1.0,0.8491856455948139,114981.95145774659,3005.2809925622214,5419.465118276861,799.3782425830149
10,155,6.758318346254449,307001.227004554,0,-10.132741790674647,0.8382,0.2100438262369261,0.4872930672904583,231.89462904451239,201.41501491046316,430.0,13.0,45892.73429770865,8598.003524718773,0.823268928275562,1.0714285714285714,0.9781865424922894,1.0,1.0078895343956864,44656.64712234437,895.0049176140236,3807.2674432002705,694.8710815269111
10,127,6.545716185152511,352238.2803111321,0,-17.402179825213633,0.8382,0.175440787697204,0.39344479449912056,219.37647334926828,179.2259530529038,420.0,16.0,70478.12767148115,10648.8828133263,0.7820027230701676,1.0588235294117647,0.9798561291828947,1.0,1.0733618874884514,146144.74725493818,1561.8502930743512,5366.136607891853,791.1660673713477
10,123,6.758318346254449,352266.98078179534,0,-27.46623772987025,0.8382,0.24943331224533488,0.39282452401891454,276.2512179722127,208.54462443143723,683.0,17.0,28031.957839037204,14619.956973624738,0.8185993506602856,1.0555555555555556,0.982652743884107,1.0,0.9254141516559834,30006.64061087172,14635.846579545636,1171.36713810904,1073.6192184685672
10,106,6.545440237205634,352293.1950120287,0,-16.59137420338229,0.8382,0.18374813034489965,0.39344479449912056,219.36722508892495,180.41347630630105,420.0,16.0,70478.12767148115,10648.8828133263,0.784103790383155,1.0588235294117647,0.9808933229643638,1.0,1.0580879932203122,146141.11454377472,1494.054620671036,5366.136607891853,782.8310096918229
10,186,6.758318346254449,353592.8629855534,0,-47.532644745531364,0.8382,0.2100438262369261,0.4872930672904583,296.07011940799373,194.10279019414136,732.0,13.0,32844.88882113859,16669.97854703679,0.7788734288980379,1.0714285714285714,0.9743279939072108,1.0,1.0046478825939567,45377.35760483274,17758.148817607587,1329.672013313698,1133.0747868323351
10,190,6.589480532810984,353920.2731986877,0,-16.43758019754436,0.8382,0.2840832070622417,0.3492114147326364,220.8432140352645,181.85739017198424,420.0,18.0,70478.12767148115,16965.12908281379,0.7250362039609145,1.0526315789473684,0.9709413737567432,1.0,0.8545786716637904,146720.88212421155,1922.7329607883603,5366.136607891853,772.9299819925785
10,83,6.589480532810984,353936.66507768957,0,-15.338872113176162,0.8382,0.2911234832770094,0.3492114147326364,220.8432140352645,183.51776957620655,420.0,18.0,70478.12767148115,16965.12908281379,0.7276615480815669,1.0526315789473684,0.9709413737567432,1.0,0.8392889584770902,146720.88212421155,1906.3410817864624,5366.136607891853,761.8497806449183
10,193,6.592060844416402,354057.1114178207,0,-15.385994460188254,0.8382,0.2911234832770094,0.3492114147326364,220.92969191547306,183.51776957620655,420.0,18.0,70478.12767148115,16965.12908281379,0.7276615480815669,1.0526315789473684,0.9709413737567432,1.0,0.8392889584770902,146754.85058413408,1906.3410817864624,5366.136607891853,761.8497806449183
10,86,8.403766714683035,354605.017249701,0,-32.042197568109756,0.8382,0.18374813034489965,0.39344479449912056,281.6481271978914,205.51927230874472,420.0,21.0,31920.643734076875,34684.62626563882,0.7164151993143937,1.0454545454545454,0.967762919113521,1.0,1.0580879932203122,16894.066000946816,30807.293947243597,974.7401769478802,1351.4813152190736
10,166,6.598655503764377,354777.95239028573,0,-17.571076650818682,0.8382,0.18374813034489965,0.3935661340190418,221.15070869496313,180.426504145818,420.0,16.0,70478.12767148115,10645.599679396377,0.78415833347553,1.0588235294117647,0.9808933229643638,1.0,1.0580879932203122,146841.66584369185,1493.3321483692462,5366.136607891853,782.7405429261389
10,185,8.413716030519844,355646.5250795162,0,-28.968345530006978,0.8382,0.175440787697204,0.35234554201326446,281.9815736472605,210.48373220680008,420.0,23.0,31920.643734076875,27390.142639281767,0.7616855914543768,1.0416666666666667,0.9798561291828947,1.0,1.0733618874884514,16908.02357514184,30085.274992602466,974.7401769478802,1255.982812400849
10,92,8.596314933941079,367517.1022734918,0,-26.143992020448607,0.8382,0.24921897525808318,0.3592472958032378,288.1012865002034,219.68317576857143,420.0,23.0,31920.643734076875,26863.931244020183,0.7858632979117647,1.0416666666666667,0.9819997584193993,1.0,0.9286547458583359,17164.185685606073,24078.24854110561,974.7401769478802,1110.5642761141219
10,60,6.758318346254449,368961.506682147,0,-48.92186716649672,0.8382,0.28250811287529537,0.37446902002088733,313.0577492100917,203.38744258569724,774.0,18.0,35775.28846488047,9417.468062886706,0.7454432046883726,1.0526315789473684,0.9777999220862379,1.0,0.8556505643212549,69589.9156557309,1965.068183675557,4159.331068265496,683.7617938315184
10,91,6.758318346254449,369503.93666847365,0,-49.78224964235723,0.8382,0.24943331224533488,0.45484751199842927,313.0577492100917,202.25688018713308,774.0,14.0,35775.28846488047,7753.257836000578,0.7713290041377587,1.0666666666666667,0.9798210524620556,1.0,0.9254141516559834,69589.9156557309,1422.6381973488988,4159.331068265496,689.8048471094459
10,121,6.830213601438322,372460.84624312236,0,-51.86361416218022,0.8382,0.29103824940575485,0.3394529287370592,316.38806980370833,201.69627704522787,774.0,20.0,35775.28846488047,10388.922109783476,0.7288762154287178,1.0476190476190477,0.9798210524620556,1.0,0.8372681426860227,70114.43505866447,2320.568619250453,4159.331068265496,692.8411581738708
10,74,5.786799121153453,375887.39511715417,0,-10.81701758413933,0.9398,0.2805742545259296,0.8775182947817812,304.7655906326561,263.1440499762899,880.0,6.0,31465.992354338046,2604.5021698910164,0.9008144006026888,1.1428571428571428,0.959404668807123,1.0,0.9334250198566885,49371.9321979671,164.51331753478786,3753.4455570359105,473.1043240039271
10,114,6.758318346254449,379087.69489202084,0,-39.9345967760997,0.8382,0.24943331224533488,0.3615363136445662,307.39520594272574,212.0923594368577,760.0,18.0,23726.11047737512,22468.462146897215,0.7291249660161221,1.0526315789473684,0.9798210524620556,1.0,0.9254141516559834,18809.20953386323,30156.551516841675,1025.0652938448122,1158.8277631746828
10,163,6.942460948537224,381442.79826427024,0,-51.984462110790055,0.889,0.18653000520230506,0.41728993355967336,302.4751338169294,192.67838979087043,546.0,16.0,54213.944362677794,13758.834564405035,0.6931675070534884,1.0588235294117647,0.9244284551051938,1.0,1.0848169290136336,92830.08601244101,2141.3315651001044,4350.178149432616,728.3921566119153
11,142,6.525251375840932,291019.1676806626,0,-5.717179049901491,0.8382,0.18633513811583222,0.5508973371755802,223.89752445761104,202.22473728010888,430.0,11.0,47878.0484893673,7605.314506719134,0.8360922954667014,1.0833333333333333,0.9808933229643638,1.0,1.0532712060787999,52818.0088052284,718.5979717200464,3938.4686262336804,694.6708282531387
11,218,6.591656955463185,291859.206479102,0,-12.702349335080381,0.8382,0.2889054555378906,0.3610576545463352,226.17606424577042,192.15934560650285,430.0,18.0,47878.0484893673,16408.50610292464,0.7309920472290545,1.0526315789473684,0.9709413737567432,1.0,0.8441167133609202,53151.14772730287,1823.9600393655305,3938.4686262336804,754.4531579860593
11,174,5.78183558225704,292646.8594617481,0,-2.0092786035674193,0.7365999999999999,0.25583578833434156,0.3068827584014077,192.39127899656373,179.78934304314606,556.0,18.0,49802.29005722569,13649.554559781129,0.7234212508939664,1.0526315789473684,0.9457023604276722,1.0,0.8491856455948139,114981.95145774659,3005.2809925622214,5419.465118276861,799.3782425830149
11,155,6.758318346254449,307001.227004554,0,-10.132741790674647,0.8382,0.2100438262369261,0.4872930672904583,231.89462904451239,201.41501491046316,430.0,13.0,45892.73429770865,8598.003524718773,0.823268928275562,1.0714285714285714,0.9781865424922894,1.0,1.0078895343956864,44656.64712234437,895.0049176140236,3807.2674432002705,694.8710815269111
11,207,6.285747222241767,316679.20528186054,0,-18.019105529834352,0.7365999999999999,0.1545240175428025,0.3997144802410439,209.15899982477728,170.02155797178386,556.0,15.0,49802.29005722569,10479.512655458771,0.7391729907049798,1.0625,0.9228234636957594,1.0,1.0882348239717465,121577.23794192652,2335.942484843229,5419.465118276861,876.9794834349265
11,210,7.098604259133474,334227.39453850687,0,-0.7721005518681885,0.8382,0.21193835999614002,0.4872930672904583,237.9062464704943,224.92343938450063,420.0,14.0,30597.02029887741,19804.908589651368,0.8258087855503958,1.0666666666666667,0.9781865424922894,1.0,1.0041725495900347,12450.141661056587,11886.960270930806,942.2689104475159,1071.5517786994792
11,127,6.545716185152511,352238.2803111321,0,-17.402179825213633,0.8382,0.175440787697204,0.39344479449912056,219.37647334926828,179.2259530529038,420.0,16.0,70478.12767148115,10648.8828133263,0.7820027230701676,1.0588235294117647,0.9798561291828947,1.0,1.0733618874884514,146144.74725493818,1561.8502930743512,5366.136607891853,791.1660673713477
11,123,6.758318346254449,352266.98078179534,0,-27.46623772987025,0.8382,0.24943331224533488,0.39282452401891454,276.2512179722127,208.54462443143723,683.0,17.0,28031.957839037204,14619.956973624738,0.8185993506602856,1.0555555555555556,0.982652743884107,1.0,0.9254141516559834,30006.64061087172,14635.846579545636,1171.36713810904,1073.6192184685672
11,106,6.545440237205634,352293.1950120287,0,-16.59137420338229,0.8382,0.18374813034489965,0.39344479449912056,219.36722508892495,180.41347630630105,420.0,16.0,70478.12767148115,10648.8828133263,0.784103790383155,1.0588235294117647,0.9808933229643638,1.0,1.0580879932203122,146141.11454377472,1494.054620671036,5366.136607891853,782.8310096918229
11,186,6.758318346254449,353592.8629855534,0,-47.532644745531364,0.8382,0.2100438262369261,0.4872930672904583,296.07011940799373,194.10279019414136,732.0,13.0,32844.88882113859,16669.97854703679,0.7788734288980379,1.0714285714285714,0.9743279939072108,1.0,1.0046478825939567,45377.35760483274,17758.148817607587,1329.672013313698,1133.0747868323351
11,190,6.589480532810984,353920.2731986877,0,-16.43758019754436,0.8382,0.2840832070622417,0.3492114147326364,220.8432140352645,181.85739017198424,420.0,18.0,70478.12767148115,16965.12908281379,0.7250362039609145,1.0526315789473684,0.9709413737567432,1.0,0.8545786716637904,146720.88212421155,1922.7329607883603,5366.136607891853,772.9299819925785
11,83,6.589480532810984,353936.66507768957,0,-15.338872113176162,0.8382,0.2911234832770094,0.3492114147326364,220.8432140352645,183.51776957620655,420.0,18.0,70478.12767148115,16965.12908281379,0.7276615480815669,1.0526315789473684,0.9709413737567432,1.0,0.8392889584770902,146720.88212421155,1906.3410817864624,5366.136607891853,761.8497806449183
11,219,6.589480532810984,353952.99383310816,0,-18.62777575308034,0.8382,0.19475449995385977,0.35108137335563494,220.8432140352645,178.63559599773996,420.0,18.0,70478.12767148115,11933.835936919086,0.7662599453950781,1.0526315789473684,0.9770928177963315,1.0,1.0374049350008767,146720.88212421155,1890.0123263678965,5366.136607891853,795.3761029160221
11,206,6.589480532810984,354004.9101404052,0,-15.591703301083982,0.8382,0.2853032879966539,0.35890338198615085,220.8432140352645,183.13300831640163,420.0,18.0,70478.12767148115,16506.99610392583,0.7311855258148592,1.0526315789473684,0.9709413737567432,1.0,0.851936176068971,146720.88212421155,1838.0960190708943,5366.136607891853,764.3890334833259
11,193,6.592060844416402,354057.1114178207,0,-15.385994460188254,0.8382,0.2911234832770094,0.3492114147326364,220.92969191547306,183.51776957620655,420.0,18.0,70478.12767148115,16965.12908281379,0.7276615480815669,1.0526315789473684,0.9709413737567432,1.0,0.8392889584770902,146754.85058413408,1906.3410817864624,5366.136607891853,761.8497806449183
11,86,8.403766714683035,354605.017249701,0,-32.042197568109756,0.8382,0.18374813034489965,0.39344479449912056,281.6481271978914,205.51927230874472,420.0,21.0,31920.643734076875,34684.62626563882,0.7164151993143937,1.0454545454545454,0.967762919113521,1.0,1.0580879932203122,16894.066000946816,30807.293947243597,974.7401769478802,1351.4813152190736
11,209,6.598655503764377,354664.9178579482,0,-15.732606804367585,0.8382,0.2725666812464265,0.39169643559474937,221.15070869496313,183.17396977380832,420.0,16.0,70478.12767148115,15125.020780788062,0.7444198880016156,1.0588235294117647,0.967762919113521,1.0,0.8793646546609085,146841.66584369185,1606.3666807067634,5366.136607891853,764.1179013218357
11,166,6.598655503764377,354777.95239028573,0,-17.571076650818682,0.8382,0.18374813034489965,0.3935661340190418,221.15070869496313,180.426504145818,420.0,16.0,70478.12767148115,10645.599679396377,0.78415833347553,1.0588235294117647,0.9808933229643638,1.0,1.0580879932203122,146841.66584369185,1493.3321483692462,5366.136607891853,782.7405429261389
11,185,8.413716030519844,355646.5250795162,0,-28.968345530006978,0.8382,0.175440787697204,0.35234554201326446,281.9815736472605,210.48373220680008,420.0,23.0,31920.643734076875,27390.142639281767,0.7616855914543768,1.0416666666666667,0.9798561291828947,1.0,1.0733618874884514,16908.02357514184,30085.274992602466,974.7401769478802,1255.982812400849
11,216,8.596314933941079,366397.06116265175,0,-27.13833152350002,0.8382,0.29021562953014773,0.3495553285498087,288.1012865002034,218.03006226771245,420.0,24.0,30597.02029887741,39039.55837256978,0.7275268992064547,1.04,0.9709413737567432,1.0,0.8412661663476475,14167.765459656952,28194.709877894704,942.2689104475159,1169.4457860442144
12,142,6.525251375840932,291019.1676806626,0,-5.717179049901491,0.8382,0.18633513811583222,0.5508973371755802,223.89752445761104,202.22473728010888,430.0,11.0,47878.0484893673,7605.314506719134,0.8360922954667014,1.0833333333333333,0.9808933229643638,1.0,1.0532712060787999,52818.0088052284,718.5979717200464,3938.4686262336804,694.6708282531387
12,218,6.591656955463185,291859.206479102,0,-12.702349335080381,0.8382,0.2889054555378906,0.3610576545463352,226.17606424577042,192.15934560650285,430.0,18.0,47878.0484893673,16408.50610292464,0.7309920472290545,1.0526315789473684,0.9709413737567432,1.0,0.8441167133609202,53151.14772730287,1823.9600393655305,3938.4686262336804,754.4531579860593
12,174,5.78183558225704,292646.8594617481,0,-2.0092786035674193,0.7365999999999999,0.25583578833434156,0.3068827584014077,192.39127899656373,179.78934304314606,556.0,18.0,49802.29005722569,13649.554559781129,0.7234212508939664,1.0526315789473684,0.9457023604276722,1.0,0.8491856455948139,114981.95145774659,3005.2809925622214,5419.465118276861,799.3782425830149
12,222,6.589401632356255,301351.76393209025,0,-5.314639517902899,0.8382,0.28695329762518723,0.3492114147326364,226.0986785281315,204.95799969634862,430.0,18.0,45892.73429770865,11997.739287365912,0.7898739965932086,1.0526315789473684,0.9819997584193993,1.0,0.8483576575033404,43964.22783419896,1440.9367618422696,3807.2674432002705,676.0103858497458
12,155,6.758318346254449,307001.227004554,0,-10.132741790674647,0.8382,0.2100438262369261,0.4872930672904583,231.89462904451239,201.41501491046316,430.0,13.0,45892.73429770865,8598.003524718773,0.823268928275562,1.0714285714285714,0.9781865424922894,1.0,1.0078895343956864,44656.64712234437,895.0049176140236,3807.2674432002705,694.8710815269111
12,207,6.285747222241767,316679.20528186054,0,-18.019105529834352,0.7365999999999999,0.1545240175428025,0.3997144802410439,209.15899982477728,170.02155797178386,556.0,15.0,49802.29005722569,10479.512655458771,0.7391729907049798,1.0625,0.9228234636957594,1.0,1.0882348239717465,121577.23794192652,2335.942484843229,5419.465118276861,876.9794834349265
12,210,7.098604259133474,334227.39453850687,0,-0.7721005518681885,0.8382,0.21193835999614002,0.4872930672904583,237.9062464704943,224.92343938450063,420.0,14.0,30597.02029887741,19804.908589651368,0.8258087855503958,1.0666666666666667,0.9781865424922894,1.0,1.0041725495900347,12450.141661056587,11886.960270930806,942.2689104475159,1071.5517786994792
12,231,7.166903321528705,337420.7115973549,0,-2.502035575690649,0.8382,0.18572576199470725,0.5241421271060015,240.19525610939576,223.43321670432715,420.0,13.0,30597.02029887741,18412.552922132512,0.8308239058279302,1.0714285714285714,0.9808933229643638,1.0,1.0544083337635708,12528.469269295882,10904.325242744977,942.2689104475159,1091.300523966346
12,238,6.527491919645481,350091.59285956837,0,-23.602769542010307,0.8382,0.18630231643974082,0.5510225735471299,244.80923125251002,190.3607769290994,470.0,11.0,62980.454514940575,10751.67699572379,0.7708561169709489,1.0833333333333333,0.9727175039776741,1.0,1.0533324924156626,118243.30670621397,1239.855099155599,4904.365971483559,728.5455018154524
12,127,6.545716185152511,352238.2803111321,0,-17.402179825213633,0.8382,0.175440787697204,0.39344479449912056,219.37647334926828,179.2259530529038,420.0,16.0,70478.12767148115,10648.8828133263,0.7820027230701676,1.0588235294117647,0.9798561291828947,1.0,1.0733618874884514,146144.74725493818,1561.8502930743512,5366.136607891853,791.1660673713477
12,123,6.758318346254449,352266.98078179534,0,-27.46623772987025,0.8382,0.24943331224533488,0.39282452401891454,276.2512179722127,208.54462443143723,683.0,17.0,28031.957839037204,14619.956973624738,0.8185993506602856,1.0555555555555556,0.982652743884107,1.0,0.9254141516559834,30006.64061087172,14635.846579545636,1171.36713810904,1073.6192184685672
12,106,6.545440237205634,352293.1950120287,0,-16.59137420338229,0.8382,0.18374813034489965,0.39344479449912056,219.36722508892495,180.41347630630105,420.0,16.0,70478.12767148115,10648.8828133263,0.784103790383155,1.0588235294117647,0.9808933229643638,1.0,1.0580879932203122,146141.11454377472,1494.054620671036,5366.136607891853,782.8310096918229
12,186,6.758318346254449,353592.8629855534,0,-47.532644745531364,0.8382,0.2100438262369261,0.4872930672904583,296.07011940799373,194.10279019414136,732.0,13.0,32844.88882113859,16669.97854703679,0.7788734288980379,1.0714285714285714,0.9743279939072108,1.0,1.0046478825939567,45377.35760483274,17758.148817607587,1329.672013313698,1133.0747868323351
12,190,6.589480532810984,353920.2731986877,0,-16.43758019754436,0.8382,0.2840832070622417,0.3492114147326364,220.8432140352645,181.85739017198424,420.0,18.0,70478.12767148115,16965.12908281379,0.7250362039609145,1.0526315789473684,0.9709413737567432,1.0,0.8545786716637904,146720.88212421155,1922.7329607883603,5366.136607891853,772.9299819925785
12,83,6.589480532810984,353936.66507768957,0,-15.338872113176162,0.8382,0.2911234832770094,0.3492114147326364,220.8432140352645,183.51776957620655,420.0,18.0,70478.12767148115,16965.12908281379,0.7276615480815669,1.0526315789473684,0.9709413737567432,1.0,0.8392889584770902,146720.88212421155,1906.3410817864624,5366.136607891853,761.8497806449183
12,219,6.589480532810984,353952.99383310816,0,-18.62777575308034,0.8382,0.19475449995385977,0.35108137335563494,220.8432140352645,178.63559599773996,420.0,18.0,70478.12767148115,11933.835936919086,0.7662599453950781,1.0526315789473684,0.9770928177963315,1.0,1.0374049350008767,146720.88212421155,1890.0123263678965,5366.136607891853,795.3761029160221
12,206,6.589480532810984,354004.9101404052,0,-15.591703301083982,0.8382,0.2853032879966539,0.35890338198615085,220.8432140352645,183.13300831640163,420.0,18.0,70478.12767148115,16506.99610392583,0.7311855258148592,1.0526315789473684,0.9709413737567432,1.0,0.851936176068971,146720.88212421155,1838.0960190708943,5366.136607891853,764.3890334833259
12,193,6.592060844416402,354057.1114178207,0,-15.385994460188254,0.8382,0.2911234832770094,0.3492114147326364,220.92969191547306,183.51776957620655,420.0,18.0,70478.12767148115,16965.12908281379,0.7276615480815669,1.0526315789473684,0.9709413737567432,1.0,0.8392889584770902,146754.85058413408,1906.3410817864624,5366.136607891853,761.8497806449183
12,228,6.596414959959826,354376.322846551,0,-20.807763720547804,0.8382,0.2718724991216668,0.39157169486540067,269.63329834099216,214.3216685258938,683.0,16.0,26400.942844516965,14666.733358536756,0.8239866247030397,1.0588235294117647,0.9845981335297513,1.0,0.8783595609404448,22448.915609265398,13466.309885175717,1116.5182867931649,1032.939229057404
12,86,8.403766714683035,354605.017249701,0,-32.042197568109756,0.8382,0.18374813034489965,0.39344479449912056,281.6481271978914,205.51927230874472,420.0,21.0,31920.643734076875,34684.62626563882,0.7164151993143937,1.0454545454545454,0.967762919113521,1.0,1.0580879932203122,16894.066000946816,30807.293947243597,974.7401769478802,1351.4813152190736
13,142,6.525251375840932,291019.1676806626,0,-5.717179049901491,0.8382,0.18633513811583222,0.5508973371755802,223.89752445761104,202.22473728010888,430.0,11.0,47878.0484893673,7605.314506719134,0.8360922954667014,1.0833333333333333,0.9808933229643638,1.0,1.0532712060787999,52818.0088052284,718.5979717200464,3938.4686262336804,694.6708282531387
13,218,6.591656955463185,291859.206479102,0,-12.702349335080381,0.8382,0.2889054555378906,0.3610576545463352,226.17606424577042,192.15934560650285,430.0,18.0,47878.0484893673,16408.50610292464,0.7309920472290545,1.0526315789473684,0.9709413737567432,1.0,0.8441167133609202,53151.14772730287,1823.9600393655305,3938.4686262336804,754.4531579860593
13,174,5.78183558225704,292646.8594617481,0,-2.0092786035674193,0.7365999999999999,0.25583578833434156,0.3068827584014077,192.39127899656373,179.78934304314606,556.0,18.0,49802.29005722569,13649.554559781129,0.7234212508939664,1.0526315789473684,0.9457023604276722,1.0,0.8491856455948139,114981.95145774659,3005.2809925622214,5419.465118276861,799.3782425830149
13,242,6.71682931997299,295817.7698053559,0,-12.650033199953409,0.8382,0.2911808776095178,0.39489535049174923,230.47103786901098,195.89542952130867,430.0,17.0,47878.0484893673,15002.498056140013,0.7498912732094138,1.0555555555555556,0.9709413737567432,1.0,0.8391639054152293,53779.10379399963,1532.4142696554527,3938.4686262336804,731.0994328761565
13,222,6.589401632356255,301351.76393209025,0,-5.314639517902899,0.8382,0.28695329762518723,0.3492114147326364,226.0986785281315,204.95799969634862,430.0,18.0,45892.73429770865,11997.739287365912,0.7898739965932086,1.0526315789473684,0.9819997584193993,1.0,0.8483576575033404,43964.22783419896,1440.9367618422696,3807.2674432002705,676.0103858497458
13,155,6.758318346254449,307001.227004554,0,-10.132741790674647,0.8382,0.2100438262369261,0.4872930672904583,231.89462904451239,201.41501491046316,430.0,13.0,45892.73429770865,8598.003524718773,0.823268928275562,1.0714285714285714,0.9781865424922894,1.0,1.0078895343956864,44656.64712234437,895.0049176140236,3807.2674432002705,694.8710815269111
13,247,7.209062462489971,310686.54233204515,0,-14.435478201502502,0.8382,0.18586782414035807,0.48647700769440283,238.15665337767285,199.4019339679563,414.0,14.0,43177.682345611225,19838.13109646661,0.8209887555836974,1.0666666666666667,0.9808933229643638,1.0,1.054143376639986,35422.25400741375,12706.107038213951,1241.1921378316417,1122.535185624739
13,207,6.285747222241767,316679.20528186054,0,-18.019105529834352,0.7365999999999999,0.1545240175428025,0.3997144802410439,209.15899982477728,170.02155797178386,556.0,15.0,49802.29005722569,10479.512655458771,0.7391729907049798,1.0625,0.9228234636957594,1.0,1.0882348239717465,121577.23794192652,2335.942484843229,5419.465118276861,876.9794834349265
13,210,7.098604259133474,334227.39453850687,0,-0.7721005518681885,0.8382,0.21193835999614002,0.4872930672904583,237.9062464704943,224.92343938450063,420.0,14.0,30597.02029887741,19804.908589651368,0.8258087855503958,1.0666666666666667,0.9781865424922894,1.0,1.0041725495900347,12450.141661056587,11886.960270930806,942.2689104475159,1071.5517786994792
13,231,7.166903321528705,337420.7115973549,0,-2.502035575690649,0.8382,0.18572576199470725,0.5241421271060015,240.19525610939576,223.43321670432715,420.0,13.0,30597.02029887741,18412.552922132512,0.8308239058279302,1.0714285714285714,0.9808933229643638,1.0,1.0544083337635708,12528.469269295882,10904.325242744977,942.2689104475159,1091.300523966346
13,238,6.527491919645481,350091.59285956837,0,-23.602769542010307,0.8382,0.18630231643974082,0.5510225735471299,244.80923125251002,190.3607769290994,470.0,11.0,62980.454514940575,10751.67699572379,0.7708561169709489,1.0833333333333333,0.9727175039776741,1.0,1.0533324924156626,118243.30670621397,1239.855099155599,4904.365971483559,728.5455018154524
13,127,6.545716185152511,352238.2803111321,0,-17.402179825213633,0.8382,0.175440787697204,0.39344479449912056,219.37647334926828,179.2259530529038,420.0,16.0,70478.12767148115,10648.8828133263,0.7820027230701676,1.0588235294117647,0.9798561291828947,1.0,1.0733618874884514,146144.74725493818,1561.8502930743512,5366.136607891853,791.1660673713477
13,123,6.758318346254449,352266.98078179534,0,-27.46623772987025,0.8382,0.24943331224533488,0.39282452401891454,276.2512179722127,208.54462443143723,683.0,17.0,28031.957839037204,14619.956973624738,0.8185993506602856,1.0555555555555556,0.982652743884107,1.0,0.9254141516559834,30006.64061087172,14635.846579545636,1171.36713810904,1073.6192184685672
13,106,6.545440237205634,352293.1950120287,0,-16.59137420338229,0.8382,0.18374813034489965,0.39344479449912056,219.36722508892495,180.41347630630105,420.0,16.0,70478.12767148115,10648.8828133263,0.784103790383155,1.0588235294117647,0.9808933229643638,1.0,1.0580879932203122,146141.11454377472,1494.054620671036,5366.136607891853,782.8310096918229
13,186,6.758318346254449,353592.8629855534,0,-47.532644745531364,0.8382,0.2100438262369261,0.4872930672904583,296.07011940799373,194.10279019414136,732.0,13.0,32844.88882113859,16669.97854703679,0.7788734288980379,1.0714285714285714,0.9743279939072108,1.0,1.0046478825939567,45377.35760483274,17758.148817607587,1329.672013313698,1133.0747868323351
13,250,6.988759307044513,353707.2453607433,0,-44.43350505039558,0.889,0.18965216021891884,0.35951510151759314,271.58928650542646,181.74591194513877,487.0,19.0,40521.30543740188,15969.908181890803,0.6761745058894891,1.05,0.932674864850302,1.0,1.0793752050249046,36207.66396696473,2332.6271777184143,3446.394436887468,841.2477895261467
13,190,6.589480532810984,353920.2731986877,0,-16.43758019754436,0.8382,0.2840832070622417,0.3492114147326364,220.8432140352645,181.85739017198424,420.0,18.0,70478.12767148115,16965.12908281379,0.7250362039609145,1.0526315789473684,0.9709413737567432,1.0,0.8545786716637904,146720.88212421155,1922.7329607883603,5366.136607891853,772.9299819925785
13,83,6.589480532810984,353936.66507768957,0,-15.338872113176162,0.8382,0.2911234832770094,0.3492114147326364,220.8432140352645,183.51776957620655,420.0,18.0,70478.12767148115,16965.12908281379,0.7276615480815669,1.0526315789473684,0.9709413737567432,1.0,0.8392889584770902,146720.88212421155,1906.3410817864624,5366.136607891853,761.8497806449183
13,219,6.589480532810984,353952.99383310816,0,-18.62777575308034,0.8382,0.19475449995385977,0.35108137335563494,220.8432140352645,178.63559599773996,420.0,18.0,70478.12767148115,11933.835936919086,0.7662599453950781,1.0526315789473684,0.9770928177963315,1.0,1.0374049350008767,146720.88212421155,1890.0123263678965,5366.136607891853,795.3761029160221
13,206,6.589480532810984,354004.9101404052,0,-15.591703301083982,0.8382,0.2853032879966539,0.35890338198615085,220.8432140352645,183.13300831640163,420.0,18.0,70478.12767148115,16506.99610392583,0.7311855258148592,1.0526315789473684,0.9709413737567432,1.0,0.851936176068971,146720.88212421155,1838.0960190708943,5366.136607891853,764.3890334833259
14,270,6.367046260407246,248227.31966253987,0,-9.282822374560972,0.7365999999999999,0.1853160780643663,0.479603549613288,193.57379759448636,169.3813589587855,508.0,13.0,47327.67444305798,20117.953623940874,0.7929498274467331,1.0714285714285714,0.9344466662712846,1.0,1.0206849415888832,85122.64262506955,18748.030557016027,1780.9938628430064,1261.071749051484
14,275,6.660154042164647,283267.1666240423,0,-2.987739528660244,0.7874,0.2014267382492724,0.4714525530598376,212.58266866811076,196.85815222726347,400.0,14.0,42835.82841842838,32119.14322041755,0.7509029640261726,1.0666666666666667,0.9104468323430714,1.0,1.0162733214036352,29689.050283165405,20284.701760903063,1233.3243062758038,1155.236192966046
14,142,6.525251375840932,291019.1676806626,0,-5.717179049901491,0.8382,0.18633513811583222,0.5508973371755802,223.89752445761104,202.22473728010888,430.0,11.0,47878.0484893673,7605.314506719134,0.8360922954667014,1.0833333333333333,0.9808933229643638,1.0,1.0532712060787999,52818.0088052284,718.5979717200464,3938.4686262336804,694.6708282531387
14,218,6.591656955463185,291859.206479102,0,-12.702349335080381,0.8382,0.2889054555378906,0.3610576545463352,226.17606424577042,192.15934560650285,430.0,18.0,47878.0484893673,16408.50610292464,0.7309920472290545,1.0526315789473684,0.9709413737567432,1.0,0.8441167133609202,53151.14772730287,1823.9600393655305,3938.4686262336804,754.4531579860593
14,174,5.78183558225704,292646.8594617481,0,-2.0092786035674193,0.7365999999999999,0.25583578833434156,0.3068827584014077,192.39127899656373,179.78934304314606,556.0,18.0,49802.29005722569,13649.554559781129,0.7234212508939664,1.0526315789473684,0.9457023604276722,1.0,0.8491856455948139,114981.95145774659,3005.2809925622214,5419.465118276861,799.3782425830149
14,242,6.71682931997299,295817.7698053559,0,-12.650033199953409,0.8382,0.2911808776095178,0.39489535049174923,230.47103786901098,195.89542952130867,430.0,17.0,47878.0484893673,15002.498056140013,0.7498912732094138,1.0555555555555556,0.9709413737567432,1.0,0.8391639054152293,53779.10379399963,1532.4142696554527,3938.4686262336804,731.0994328761565
14,276,6.545440237205634,299507.4925189916,0,-17.5734437122972,0.8382,0.18374813034489965,0.3478524989574012,224.59025425770892,183.22912978186716,430.0,18.0,45892.73429770865,12044.609490206562,0.7588632479219077,1.0526315789473684,0.9808933229643638,1.0,1.0580879932203122,43784.022351665015,1956.9893870523501,3807.2674432002705,811.015595556868
14,222,6.589401632356255,301351.76393209025,0,-5.314639517902899,0.8382,0.28695329762518723,0.3492114147326364,226.0986785281315,204.95799969634862,430.0,18.0,45892.73429770865,11997.739287365912,0.7898739965932086,1.0526315789473684,0.9819997584193993,1.0,0.8483576575033404,43964.22783419896,1440.9367618422696,3807.2674432002705,676.0103858497458
14,274,6.5917114144173174,301870.5475717855,0,-10.825992062453132,0.8382,0.17904017038905962,0.4877321724308915,226.17793286727056,195.2739008229827,430.0,13.0,45892.73429770865,8590.262744514856,0.8163955277220479,1.0714285714285714,0.9798561291828947,1.0,1.0667808971259682,43973.696036685156,991.9392587998971,3807.2674432002705,730.1823696288949
14,155,6.758318346254449,307001.227004554,0,-10.132741790674647,0.8382,0.2100438262369261,0.4872930672904583,231.89462904451239,201.41501491046316,430.0,13.0,45892.73429770865,8598.003524718773,0.823268928275562,1.0714285714285714,0.9781865424922894,1.0,1.0078895343956864,44656.64712234437,895.0049176140236,3807.2674432002705,694.8710815269111
14,247,7.209062462489971,310686.54233204515,0,-14.435478201502502,0.8382,0.18586782414035807,0.48647700769440283,238.15665337767285,199.4019339679563,414.0,14.0,43177.682345611225,19838.13109646661,0.8209887555836974,1.0666666666666667,0.9808933229643638,1.0,1.054143376639986,35422.25400741375,12706.107038213951,1241.1921378316417,1122.535185624739
14,207,6.285747222241767,316679.20528186054,0,-18.019105529834352,0.7365999999999999,0.1545240175428025,0.3997144802410439,209.15899982477728,170.02155797178386,556.0,15.0,49802.29005722569,10479.512655458771,0.7391729907049798,1.0625,0.9228234636957594,1.0,1.0882348239717465,121577.23794192652,2335.942484843229,5419.465118276861,876.9794834349265
14,210,7.098604259133474,334227.39453850687,0,-0.7721005518681885,0.8382,0.21193835999614002,0.4872930672904583,237.9062464704943,224.92343938450063,420.0,14.0,30597.02029887741,19804.908589651368,0.8258087855503958,1.0666666666666667,0.9781865424922894,1.0,1.0041725495900347,12450.141661056587,11886.960270930806,942.2689104475159,1071.5517786994792
14,231,7.166903321528705,337420.7115973549,0,-2.502035575690649,0.8382,0.18572576199470725,0.5241421271060015,240.19525610939576,223.43321670432715,420.0,13.0,30597.02029887741,18412.552922132512,0.8308239058279302,1.0714285714285714,0.9808933229643638,1.0,1.0544083337635708,12528.469269295882,10904.325242744977,942.2689104475159,1091.300523966346
14,238,6.527491919645481,350091.59285956837,0,-23.602769542010307,0.8382,0.18630231643974082,0.5510225735471299,244.80923125251002,190.3607769290994,470.0,11.0,62980.454514940575,10751.67699572379,0.7708561169709489,1.0833333333333333,0.9727175039776741,1.0,1.0533324924156626,118243.30670621397,1239.855099155599,4904.365971483559,728.5455018154524
14,127,6.545716185152511,352238.2803111321,0,-17.402179825213633,0.8382,0.175440787697204,0.39344479449912056,219.37647334926828,179.2259530529038,420.0,16.0,70478.12767148115,10648.8828133263,0.7820027230701676,1.0588235294117647,0.9798561291828947,1.0,1.0733618874884514,146144.74725493818,1561.8502930743512,5366.136607891853,791.1660673713477
14,123,6.758318346254449,352266.98078179534,0,-27.46623772987025,0.8382,0.24943331224533488,0.39282452401891454,276.2512179722127,208.54462443143723,683.0,17.0,28031.957839037204,14619.956973624738,0.8185993506602856,1.0555555555555556,0.982652743884107,1.0,0.9254141516559834,30006.64061087172,14635.846579545636,1171.36713810904,1073.6192184685672
14,106,6.545440237205634,352293.1950120287,0,-16.59137420338229,0.8382,0.18374813034489965,0.39344479449912056,219.36722508892495,180.41347630630105,420.0,16.0,70478.12767148115,10648.8828133263,0.784103790383155,1.0588235294117647,0.9808933229643638,1.0,1.0580879932203122,146141.11454377472,1494.054620671036,5366.136607891853,782.8310096918229
14,186,6.758318346254449,353592.8629855534,0,-47.532644745531364,0.8382,0.2100438262369261,0.4872930672904583,296.07011940799373,194.10279019414136,732.0,13.0,32844.88882113859,16669.97854703679,0.7788734288980379,1.0714285714285714,0.9743279939072108,1.0,1.0046478825939567,45377.35760483274,17758.148817607587,1329.672013313698,1133.0747868323351
14,250,6.988759307044513,353707.2453607433,0,-44.43350505039558,0.889,0.18965216021891884,0.35951510151759314,271.58928650542646,181.74591194513877,487.0,19.0,40521.30543740188,15969.908181890803,0.6761745058894891,1.05,0.932674864850302,1.0,1.0793752050249046,36207.66396696473,2332.6271777184143,3446.394436887468,841.2477895261467
15,270,6.367046260407246,248227.31966253987,0,-9.282822374560972,0.7365999999999999,0.1853160780643663,0.479603549613288,193.57379759448636,169.3813589587855,508.0,13.0,47327.67444305798,20117.953623940874,0.7929498274467331,1.0714285714285714,0.9344466662712846,1.0,1.0206849415888832,85122.64262506955,18748.030557016027,1780.9938628430064,1261.071749051484
15,297,6.9660899981542945,276090.7890240395,0,-18.411686182479272,0.7365999999999999,0.1445366295507402,0.47960509459003037,208.4509784723064,168.90700137107447,500.0,14.0,48084.9172341469,14223.347393572642,0.8379290047079424,1.0666666666666667,0.9447977932828413,1.0,1.1088789352591863,93267.84326078604,13906.942709052924,1803.7543409380582,1258.3592806627319
15,275,6.660154042164647,283267.1666240423,0,-2.987739528660244,0.7874,0.2014267382492724,0.4714525530598376,212.58266866811076,196.85815222726347,400.0,14.0,42835.82841842838,32119.14322041755,0.7509029640261726,1.0666666666666667,0.9104468323430714,1.0,1.0162733214036352,29689.050283165405,20284.701760903063,1233.3243062758038,1155.236192966046
15,142,6.525251375840932,291019.1676806626,0,-5.717179049901491,0.8382,0.18633513811583222,0.5508973371755802,223.89752445761104,202.22473728010888,430.0,11.0,47878.0484893673,7605.314506719134,0.8360922954667014,1.0833333333333333,0.9808933229643638,1.0,1.0532712060787999,52818.0088052284,718.5979717200464,3938.4686262336804,694.6708282531387
15,218,6.591656955463185,291859.206479102,0,-12.702349335080381,0.8382,0.2889054555378906,0.3610576545463352,226.17606424577042,192.15934560650285,430.0,18.0,47878.0484893673,16408.50610292464,0.7309920472290545,1.0526315789473684,0.9709413737567432,1.0,0.8441167133609202,53151.14772730287,1823.9600393655305,3938.4686262336804,754.4531579860593
15,174,5.78183558225704,292646.8594617481,0,-2.0092786035674193,0.7365999999999999,0.25583578833434156,0.3068827584014077,192.39127899656373,179.78934304314606,556.0,18.0,49802.29005722569,13649.554559781129,0.7234212508939664,1.0526315789473684,0.9457023604276722,1.0,0.8491856455948139,114981.95145774659,3005.2809925622214,5419.465118276861,799.3782425830149
15,291,5.790862108168424,293065.3590044051,0,-2.176340086435901,0.7365999999999999,0.25583578833434156,0.3068827584014077,192.6916377390911,179.78934304314606,556.0,18.0,49802.29005722569,13649.554559781129,0.7234212508939664,1.0526315789473684,0.9457023604276722,1.0,0.8491856455948139,115100.09225787624,3005.2809925622214,5419.465118276861,799.3782425830149
15,282,6.689513160126638,295597.938223266,0,-7.930482359037111,0.8382,0.2889054555378906,0.4916724060163016,229.53375281821118,203.25225574478657,430.0,13.0,47878.0484893673,12049.520484854647,0.7897363398181279,1.0714285714285714,0.9709413737567432,1.0,0.8441167133609202,53642.06597130171,951.9986236434883,3938.4686262336804,689.0966653216842
15,242,6.71682931997299,295817.7698053559,0,-12.650033199953409,0.8382,0.2911808776095178,0.39489535049174923,230.47103786901098,195.89542952130867,430.0,17.0,47878.0484893673,15002.498056140013,0.7498912732094138,1.0555555555555556,0.9709413737567432,1.0,0.8391639054152293,53779.10379399963,1532.4142696554527,3938.4686262336804,731.0994328761565
15,276,6.545440237205634,299507.4925189916,0,-17.5734437122972,0.8382,0.18374813034489965,0.3478524989574012,224.59025425770892,183.22912978186716,430.0,18.0,45892.73429770865,12044.609490206562,0.7588632479219077,1.0526315789473684,0.9808933229643638,1.0,1.0580879932203122,43784.022351665015,1956.9893870523501,3807.2674432002705,811.015595556868
15,222,6.589401632356255,301351.76393209025,0,-5.314639517902899,0.8382,0.28695329762518723,0.3492114147326364,226.0986785281315,204.95799969634862,430.0,18.0,45892.73429770865,11997.739287365912,0.7898739965932086,1.0526315789473684,0.9819997584193993,1.0,0.8483576575033404,43964.22783419896,1440.9367618422696,3807.2674432002705,676.0103858497458
15,274,6.5917114144173174,301870.5475717855,0,-10.825992062453132,0.8382,0.17904017038905962,0.4877321724308915,226.17793286727056,195.2739008229827,430.0,13.0,45892.73429770865,8590.262744514856,0.8163955277220479,1.0714285714285714,0.9798561291828947,1.0,1.0667808971259682,43973.696036685156,991.9392587998971,3807.2674432002705,730.1823696288949
15,284,6.714135778185762,304534.50438949006,0,-20.582801210761215,0.8382,0.18374813034489965,0.34735578918389265,230.37861578387626,183.4475848306966,430.0,19.0,45892.73429770865,12061.832969527106,0.7585894648917824,1.05,0.9808933229643638,1.0,1.0580879932203122,44475.53501316023,2026.8263812259436,3807.2674432002705,809.3904951238007
15,300,6.716844687436721,305157.66999098874,0,-7.271300189935113,0.8382,0.28695329762518723,0.34918185119764406,230.4715651647255,205.28092644765397,430.0,19.0,45892.73429770865,11998.755077802996,0.7898593101987539,1.05,0.9819997584193993,1.0,0.8483576575033404,44486.6393081226,1485.505865614128,3807.2674432002705,674.3421076113941
15,155,6.758318346254449,307001.227004554,0,-10.132741790674647,0.8382,0.2100438262369261,0.4872930672904583,231.89462904451239,201.41501491046316,430.0,13.0,45892.73429770865,8598.003524718773,0.823268928275562,1.0714285714285714,0.9781865424922894,1.0,1.0078895343956864,44656.64712234437,895.0049176140236,3807.2674432002705,694.8710815269111
15,296,5.467401007463723,308004.2208205539,0,-29.106547447515325,0.7874,0.2014267382492724,0.4699723216762492,250.64240598278855,186.89796341292086,766.0,11.0,36148.920720388356,10376.900382311977,0.7058569253709382,1.0833333333333333,0.909852883390345,1.0,1.0126336071012978,61334.8601407827,1961.5750214519571,4194.046516101459,782.7062777241779
15,247,7.209062462489971,310686.54233204515,0,-14.435478201502502,0.8382,0.18586782414035807,0.48647700769440283,238.15665337767285,199.4019339679563,414.0,14.0,43177.682345611225,19838.13109646661,0.8209887555836974,1.0666666666666667,0.9808933229643638,1.0,1.054143376639986,35422.25400741375,12706.107038213951,1241.1921378316417,1122.535185624739
15,207,6.285747222241767,316679.20528186054,0,-18.019105529834352,0.7365999999999999,0.1545240175428025,0.3997144802410439,209.15899982477728,170.02155797178386,556.0,15.0,49802.29005722569,10479.512655458771,0.7391729907049798,1.0625,0.9228234636957594,1.0,1.0882348239717465,121577.23794192652,2335.942484843229,5419.465118276861,876.9794834349265
15,210,7.098604259133474,334227.39453850687,0,-0.7721005518681885,0.8382,0.21193835999614002,0.4872930672904583,237.9062464704943,224.92343938450063,420.0,14.0,30597.02029887741,19804.908589651368,0.8258087855503958,1.0666666666666667,0.9781865424922894,1.0,1.0041725495900347,12450.141661056587,11886.960270930806,942.2689104475159,1071.5517786994792
15,231,7.166903321528705,337420.7115973549,0,-2.502035575690649,0.8382,0.18572576199470725,0.5241421271060015,240.19525610939576,223.43321670432715,420.0,13.0,30597.02029887741,18412.552922132512,0.8308239058279302,1.0714285714285714,0.9808933229643638,1.0,1.0544083337635708,12528.469269295882,10904.325242744977,942.2689104475159,1091.300523966346
16,270,6.367046260407246,248227.31966253987,0,-9.282822374560972,0.7365999999999999,0.1853160780643663,0.479603549613288,193.57379759448636,169.3813589587855,508.0,13.0,47327.67444305798,20117.953623940874,0.7929498274467331,1.0714285714285714,0.9344466662712846,1.0,1.0206849415888832,85122.64262506955,18748.030557016027,1780.9938628430064,1261.071749051484
16,305,6.660154042164647,273315.3834901233,0,-26.20968402198147,0.7874,0.2014267382492724,0.49098117375631656,227.19772713904337,173.15621848535287,570.0,13.0,42179.75195977799,18342.786660659054,0.793347417938298,1.0714285714285714,0.9395276612891077,1.0,1.0126336071012978,71039.10249999605,13200.35614891609,1624.252366563027,1279.4730389821577
16,297,6.9660899981542945,276090.7890240395,0,-18.411686182479272,0.7365999999999999,0.1445366295507402,0.47960509459003037,208.4509784723064,168.90700137107447,500.0,14.0,48084.9172341469,14223.347393572642,0.8379290047079424,1.0666666666666667,0.9447977932828413,1.0,1.1088789352591863,93267.84326078604,13906.942709052924,1803.7543409380582,1258.3592806627319
16,275,6.660154042164647,283267.1666240423,0,-2.987739528660244,0.7874,0.2014267382492724,0.4714525530598376,212.58266866811076,196.85815222726347,400.0,14.0,42835.82841842838,32119.14322041755,0.7509029640261726,1.0666666666666667,0.9104468323430714,1.0,1.0162733214036352,29689.050283165405,20284.701760903063,1233.3243062758038,1155.236192966046
16,308,6.484267893577565,286642.3255219146,0,-8.869571389005255,0.7365999999999999,0.17295180742700678,0.4792699567889241,194.03309280398796,170.39942316207132,500.0,13.0,51055.53921083309,14233.293315077488,0.8442425274114123,1.0714285714285714,0.9513586062481102,1.0,1.048466399392413,116453.91348148041,12123.59076355381,1892.3635960006247,1212.9930845453516
16,142,6.525251375840932,291019.1676806626,0,-5.717179049901491,0.8382,0.18633513811583222,0.5508973371755802,223.89752445761104,202.22473728010888,430.0,11.0,47878.0484893673,7605.314506719134,0.8360922954667014,1.0833333333333333,0.9808933229643638,1.0,1.0532712060787999,52818.0088052284,718.5979717200464,3938.4686262336804,694.6708282531387
16,218,6.591656955463185,291859.206479102,0,-12.702349335080381,0.8382,0.2889054555378906,0.3610576545463352,226.17606424577042,192.15934560650285,430.0,18.0,47878.0484893673,16408.50610292464,0.7309920472290545,1.0526315789473684,0.9709413737567432,1.0,0.8441167133609202,53151.14772730287,1823.9600393655305,3938.4686262336804,754.4531579860593
16,174,5.78183558225704,292646.8594617481,0,-2.0092786035674193,0.7365999999999999,0.25583578833434156,0.3068827584014077,192.39127899656373,179.78934304314606,556.0,18.0,49802.29005722569,13649.554559781129,0.7234212508939664,1.0526315789473684,0.9457023604276722,1.0,0.8491856455948139,114981.95145774659,3005.2809925622214,5419.465118276861,799.3782425830149
16,291,5.790862108168424,293065.3590044051,0,-2.176340086435901,0.7365999999999999,0.25583578833434156,0.3068827584014077,192.6916377390911,179.78934304314606,556.0,18.0,49802.29005722569,13649.554559781129,0.7234212508939664,1.0526315789473684,0.9457023604276722,1.0,0.8491856455948139,115100.09225787624,3005.2809925622214,5419.465118276861,799.3782425830149
16,282,6.689513160126638,295597.938223266,0,-7.930482359037111,0.8382,0.2889054555378906,0.4916724060163016,229.53375281821118,203.25225574478657,430.0,13.0,47878.0484893673,12049.520484854647,0.7897363398181279,1.0714285714285714,0.9709413737567432,1.0,0.8441167133609202,53642.06597130171,951.9986236434883,3938.4686262336804,689.0966653216842
16,242,6.71682931997299,295817.7698053559,0,-12.650033199953409,0.8382,0.2911808776095178,0.39489535049174923,230.47103786901098,195.89542952130867,430.0,17.0,47878.0484893673,15002.498056140013,0.7498912732094138,1.0555555555555556,0.9709413737567432,1.0,0.8391639054152293,53779.10379399963,1532.4142696554527,3938.4686262336804,731.0994328761565
16,315,5.900301138405669,297170.666304602,0,-33.80650353797437,0.7365999999999999,0.16147562969703302,0.2953007085846154,225.99509032498642,162.81304158285292,640.0,19.0,43265.73948721482,17693.4073672848,0.6047841564257173,1.05,0.9199827823040049,1.0,1.0734772962756316,89873.0011236553,6976.335144039775,4842.529548712316,964.6899622412421
16,276,6.545440237205634,299507.4925189916,0,-17.5734437122972,0.8382,0.18374813034489965,0.3478524989574012,224.59025425770892,183.22912978186716,430.0,18.0,45892.73429770865,12044.609490206562,0.7588632479219077,1.0526315789473684,0.9808933229643638,1.0,1.0580879932203122,43784.022351665015,1956.9893870523501,3807.2674432002705,811.015595556868
16,222,6.589401632356255,301351.76393209025,0,-5.314639517902899,0.8382,0.28695329762518723,0.3492114147326364,226.0986785281315,204.95799969634862,430.0,18.0,45892.73429770865,11997.739287365912,0.7898739965932086,1.0526315789473684,0.9819997584193993,1.0,0.8483576575033404,43964.22783419896,1440.9367618422696,3807.2674432002705,676.0103858497458
16,274,6.5917114144173174,301870.5475717855,0,-10.825992062453132,0.8382,0.17904017038905962,0.4877321724308915,226.17793286727056,195.2739008229827,430.0,13.0,45892.73429770865,8590.262744514856,0.8163955277220479,1.0714285714285714,0.9798561291828947,1.0,1.0667808971259682,43973.696036685156,991.9392587998971,3807.2674432002705,730.1823696288949
16,284,6.714135778185762,304534.50438949006,0,-20.582801210761215,0.8382,0.18374813034489965,0.34735578918389265,230.37861578387626,183.4475848306966,430.0,19.0,45892.73429770865,12061.832969527106,0.7585894648917824,1.05,0.9808933229643638,1.0,1.0580879932203122,44475.53501316023,2026.8263812259436,3807.2674432002705,809.3904951238007
16,300,6.716844687436721,305157.66999098874,0,-7.271300189935113,0.8382,0.28695329762518723,0.34918185119764406,230.4715651647255,205.28092644765397,430.0,19.0,45892.73429770865,11998.755077802996,0.7898593101987539,1.05,0.9819997584193993,1.0,0.8483576575033404,44486.6393081226,1485.505865614128,3807.2674432002705,674.3421076113941
16,155,6.758318346254449,307001.227004554,0,-10.132741790674647,0.8382,0.2100438262369261,0.4872930672904583,231.89462904451239,201.41501491046316,430.0,13.0,45892.73429770865,8598.003524718773,0.823268928275562,1.0714285714285714,0.9781865424922894,1.0,1.0078895343956864,44656.64712234437,895.0049176140236,3807.2674432002705,694.8710815269111
16,296,5.467401007463723,308004.2208205539,0,-29.106547447515325,0.7874,0.2014267382492724,0.4699723216762492,250.64240598278855,186.89796341292086,766.0,11.0,36148.920720388356,10376.900382311977,0.7058569253709382,1.0833333333333333,0.909852883390345,1.0,1.0126336071012978,61334.8601407827,1961.5750214519571,4194.046516101459,782.7062777241779
16,247,7.209062462489971,310686.54233204515,0,-14.435478201502502,0.8382,0.18586782414035807,0.48647700769440283,238.15665337767285,199.4019339679563,414.0,14.0,43177.682345611225,19838.13109646661,0.8209887555836974,1.0666666666666667,0.9808933229643638,1.0,1.054143376639986,35422.25400741375,12706.107038213951,1241.1921378316417,1122.535185624739
17,270,6.367046260407246,248227.31966253987,0,-9.282822374560972,0.7365999999999999,0.1853160780643663,0.479603549613288,193.57379759448636,169.3813589587855,508.0,13.0,47327.67444305798,20117.953623940874,0.7929498274467331,1.0714285714285714,0.9344466662712846,1.0,1.0206849415888832,85122.64262506955,18748.030557016027,1780.9938628430064,1261.071749051484
17,322,6.038268038821379,269936.407114432,0,-16.972248311447746,0.7874,0.15450467296803264,0.528797323726574,205.98333996351005,168.87721823208977,570.0,11.0,44785.5607112571,17031.029698003575,0.7935292958576914,1.0833333333333333,0.9270581054572207,1.0,1.1078608961790124,87097.34479948913,11423.187648567182,1704.043604742342,1335.5474056869018
17,305,6.660154042164647,273315.3834901233,0,-26.20968402198147,0.7874,0.2014267382492724,0.49098117375631656,227.19772713904337,173.15621848535287,570.0,13.0,42179.75195977799,18342.786660659054,0.793347417938298,1.0714285714285714,0.9395276612891077,1.0,1.0126336071012978,71039.10249999605,13200.35614891609,1624.252366563027,1279.4730389821577
17,297,6.9660899981542945,276090.7890240395,0,-18.411686182479272,0.7365999999999999,0.1445366295507402,0.47960509459003037,208.4509784723064,168.90700137107447,500.0,14.0,48084.9172341469,14223.347393572642,0.8379290047079424,1.0666666666666667,0.9447977932828413,1.0,1.1088789352591863,93267.84326078604,13906.942709052924,1803.7543409380582,1258.3592806627319
17,275,6.660154042164647,283267.1666240423,0,-2.987739528660244,0.7874,0.2014267382492724,0.4714525530598376,212.58266866811076,196.85815222726347,400.0,14.0,42835.82841842838,32119.14322041755,0.7509029640261726,1.0666666666666667,0.9104468323430714,1.0,1.0162733214036352,29689.050283165405,20284.701760903063,1233.3243062758038,1155.236192966046
17,308,6.484267893577565,286642.3255219146,0,-8.869571389005255,0.7365999999999999,0.17295180742700678,0.4792699567889241,194.03309280398796,170.39942316207132,500.0,13.0,51055.53921083309,14233.293315077488,0.8442425274114123,1.0714285714285714,0.9513586062481102,1.0,1.048466399392413,116453.91348148041,12123.59076355381,1892.3635960006247,1212.9930845453516
17,333,6.545440237205634,290419.8461075452,0,-8.581243044396075,0.8382,0.32220626828706106,0.3379177148873756,224.59025425770892,197.73533748871034,430.0,19.0,47878.0484893673,17532.12828781629,0.7301066219300869,1.05,0.9790359308059365,1.0,0.7707040889283949,52919.290889523225,1909.367260640522,3938.4686262336804,720.1217846433838
17,142,6.525251375840932,291019.1676806626,0,-5.717179049901491,0.8382,0.18633513811583222,0.5508973371755802,223.89752445761104,202.22473728010888,430.0,11.0,47878.0484893673,7605.314506719134,0.8360922954667014,1.0833333333333333,0.9808933229643638,1.0,1.0532712060787999,52818.0088052284,718.5979717200464,3938.4686262336804,694.6708282531387
17,335,6.591656955463185,291762.888406492,0,-13.434429467834196,0.8382,0.2889054555378906,0.3495488055352331,226.17606424577042,190.9715487819342,430.0,18.0,47878.0484893673,16948.754034675254,0.7242468422908321,1.0526315789473684,0.9709413737567432,1.0,0.8441167133609202,53151.14772730287,1920.2781119755386,3938.4686262336804,762.1936862639467
17,218,6.591656955463185,291859.206479102,0,-12.702349335080381,0.8382,0.2889054555378906,0.3610576545463352,226.17606424577042,192.15934560650285,430.0,18.0,47878.0484893673,16408.50610292464,0.7309920472290545,1.0526315789473684,0.9709413737567432,1.0,0.8441167133609202,53151.14772730287,1823.9600393655305,3938.4686262336804,754.4531579860593
17,174,5.78183558225704,292646.8594617481,0,-2.0092786035674193,0.7365999999999999,0.25583578833434156,0.3068827584014077,192.39127899656373,179.78934304314606,556.0,18.0,49802.29005722569,13649.554559781129,0.7234212508939664,1.0526315789473684,0.9457023604276722,1.0,0.8491856455948139,114981.95145774659,3005.2809925622214,5419.465118276861,799.3782425830149
17,291,5.790862108168424,293065.3590044051,0,-2.176340086435901,0.7365999999999999,0.25583578833434156,0.3068827584014077,192.6916377390911,179.78934304314606,556.0,18.0,49802.29005722569,13649.554559781129,0.7234212508939664,1.0526315789473684,0.9457023604276722,1.0,0.8491856455948139,115100.09225787624,3005.2809925622214,5419.465118276861,799.3782425830149
17,338,5.73431181513294,293846.31380141515,0,-23.2874887564606,0.7365999999999999,0.1535239106182078,0.48412190236641894,219.63731786116603,171.20712237038393,640.0,11.0,43265.73948721482,10792.47955379818,0.7146022720641492,1.0833333333333333,0.9199827823040049,1.0,1.0903323250508619,88179.26428478185,2249.178344532692,4842.529548712316,883.6033643863212
17,282,6.689513160126638,295597.938223266,0,-7.930482359037111,0.8382,0.2889054555378906,0.4916724060163016,229.53375281821118,203.25225574478657,430.0,13.0,47878.0484893673,12049.520484854647,0.7897363398181279,1.0714285714285714,0.9709413737567432,1.0,0.8441167133609202,53642.06597130171,951.9986236434883,3938.4686262336804,689.0966653216842
17,242,6.71682931997299,295817.7698053559,0,-12.650033199953409,0.8382,0.2911808776095178,0.39489535049174923,230.47103786901098,195.89542952130867,430.0,17.0,47878.0484893673,15002.498056140013,0.7498912732094138,1.0555555555555556,0.9709413737567432,1.0,0.8391639054152293,53779.10379399963,1532.4142696554527,3938.4686262336804,731.0994328761565
17,315,5.900301138405669,297170.666304602,0,-33.80650353797437,0.7365999999999999,0.16147562969703302,0.2953007085846154,225.99509032498642,162.81304158285292,640.0,19.0,43265.73948721482,17693.4073672848,0.6047841564257173,1.05,0.9199827823040049,1.0,1.0734772962756316,89873.0011236553,6976.335144039775,4842.529548712316,964.6899622412421
17,276,6.545440237205634,299507.4925189916,0,-17.5734437122972,0.8382,0.18374813034489965,0.3478524989574012,224.59025425770892,183.22912978186716,430.0,18.0,45892.73429770865,12044.609490206562,0.7588632479219077,1.0526315789473684,0.9808933229643638,1.0,1.0580879932203122,43784.022351665015,1956.9893870523501,3807.2674432002705,811.015595556868
17,222,6.589401632356255,301351.76393209025,0,-5.314639517902899,0.8382,0.28695329762518723,0.3492114147326364,226.0986785281315,204.95799969634862,430.0,18.0,45892.73429770865,11997.739287365912,0.7898739965932086,1.0526315789473684,0.9819997584193993,1.0,0.8483576575033404,43964.22783419896,1440.9367618422696,3807.2674432002705,676.0103858497458
17,274,6.5917114144173174,301870.5475717855,0,-10.825992062453132,0.8382,0.17904017038905962,0.4877321724308915,226.17793286727056,195.2739008229827,430.0,13.0,45892.73429770865,8590.262744514856,0.8163955277220479,1.0714285714285714,0.9798561291828947,1.0,1.0667808971259682,43973.696036685156,991.9392587998971,3807.2674432002705,730.1823696288949
17,284,6.714135778185762,304534.50438949006,0,-20.582801210761215,0.8382,0.18374813034489965,0.34735578918389265,230.37861578387626,183.4475848306966,430.0,19.0,45892.73429770865,12061.832969527106,0.7585894648917824,1.05,0.9808933229643638,1.0,1.0580879932203122,44475.53501316023,2026.8263812259436,3807.2674432002705,809.3904951238007
18,270,6.367046260407246,248227.31966253987,0,-9.282822374560972,0.7365999999999999,0.1853160780643663,0.479603549613288,193.57379759448636,169.3813589587855,508.0,13.0,47327.67444305798,20117.953623940874,0.7929498274467331,1.0714285714285714,0.9344466662712846,1.0,1.0206849415888832,85122.64262506955,18748.030557016027,1780.9938628430064,1261.071749051484
18,353,6.862817802988195,263910.3046892121,0,-10.524950779976002,0.7365999999999999,0.1458658977426231,0.47960509459003037,209.05718789821728,180.96280196334286,509.0,14.0,37614.59175650768,14223.347393572642,0.8366962127908468,1.0666666666666667,0.9447977932828413,1.0,1.1061708481465011,51895.30299527905,13909.830213726123,1482.0244655090294,1253.439311894487
18,322,6.038268038821379,269936.407114432,0,-16.972248311447746,0.7874,0.15450467296803264,0.528797323726574,205.98333996351005,168.87721823208977,570.0,11.0,44785.5607112571,17031.029698003575,0.7935292958576914,1.0833333333333333,0.9270581054572207,1.0,1.1078608961790124,87097.34479948913,11423.187648567182,1704.043604742342,1335.5474056869018
18,345,5.629839590163388,271196.6747500173,0,-6.833145884016542,0.7365999999999999,0.17295180742700678,0.4792699567889241,208.89717311835682,186.79361245458168,620.0,11.0,30880.36645816518,25111.40331025362,0.7234641208466821,1.0833333333333333,0.9090578299294505,1.0,1.048466399392413,31443.636267267164,26915.112101072395,1265.6576468061141,1335.9465670402844
18,305,6.660154042164647,273315.3834901233,0,-26.20968402198147,0.7874,0.2014267382492724,0.49098117375631656,227.19772713904337,173.15621848535287,570.0,13.0,42179.75195977799,18342.786660659054,0.793347417938298,1.0714285714285714,0.9395276612891077,1.0,1.0126336071012978,71039.10249999605,13200.35614891609,1624.252366563027,1279.4730389821577
18,297,6.9660899981542945,276090.7890240395,0,-18.411686182479272,0.7365999999999999,0.1445366295507402,0.47960509459003037,208.4509784723064,168.90700137107447,500.0,14.0,48084.9172341469,14223.347393572642,0.8379290047079424,1.0666666666666667,0.9447977932828413,1.0,1.1088789352591863,93267.84326078604,13906.942709052924,1803.7543409380582,1258.3592806627319
18,275,6.660154042164647,283267.1666240423,0,-2.987739528660244,0.7874,0.2014267382492724,0.4714525530598376,212.58266866811076,196.85815222726347,400.0,14.0,42835.82841842838,32119.14322041755,0.7509029640261726,1.0666666666666667,0.9104468323430714,1.0,1.0162733214036352,29689.050283165405,20284.701760903063,1233.3243062758038,1155.236192966046
18,358,6.660154042164647,284667.0435311764,0,-2.8809462695569437,0.7874,0.2014267382492724,0.4809321681582014,212.58266866811076,197.05302559818176,400.0,13.0,42835.82841842838,31486.045384219957,0.7547820088592285,1.0714285714285714,0.9104468323430714,1.0,1.0162733214036352,29689.050283165405,18884.824853768976,1233.3243062758038,1152.2963894878292
18,308,6.484267893577565,286642.3255219146,0,-8.869571389005255,0.7365999999999999,0.17295180742700678,0.4792699567889241,194.03309280398796,170.39942316207132,500.0,13.0,51055.53921083309,14233.293315077488,0.8442425274114123,1.0714285714285714,0.9513586062481102,1.0,1.048466399392413,116453.91348148041,12123.59076355381,1892.3635960006247,1212.9930845453516
18,333,6.545440237205634,290419.8461075452,0,-8.581243044396075,0.8382,0.32220626828706106,0.3379177148873756,224.59025425770892,197.73533748871034,430.0,19.0,47878.0484893673,17532.12828781629,0.7301066219300869,1.05,0.9790359308059365,1.0,0.7707040889283949,52919.290889523225,1909.367260640522,3938.4686262336804,720.1217846433838
18,142,6.525251375840932,291019.1676806626,0,-5.717179049901491,0.8382,0.18633513811583222,0.5508973371755802,223.89752445761104,202.22473728010888,430.0,11.0,47878.0484893673,7605.314506719134,0.8360922954667014,1.0833333333333333,0.9808933229643638,1.0,1.0532712060787999,52818.0088052284,718.5979717200464,3938.4686262336804,694.6708282531387
18,335,6.591656955463185,291762.888406492,0,-13.434429467834196,0.8382,0.2889054555378906,0.3495488055352331,226.17606424577042,190.9715487819342,430.0,18.0,47878.0484893673,16948.754034675254,0.7242468422908321,1.0526315789473684,0.9709413737567432,1.0,0.8441167133609202,53151.14772730287,1920.2781119755386,3938.4686262336804,762.1936862639467
18,218,6.591656955463185,291859.206479102,0,-12.702349335080381,0.8382,0.2889054555378906,0.3610576545463352,226.17606424577042,192.15934560650285,430.0,18.0,47878.0484893673,16408.50610292464,0.7309920472290545,1.0526315789473684,0.9709413737567432,1.0,0.8441167133609202,53151.14772730287,1823.9600393655305,3938.4686262336804,754.4531579860593
18,174,5.78183558225704,292646.8594617481,0,-2.0092786035674193,0.7365999999999999,0.25583578833434156,0.3068827584014077,192.39127899656373,179.78934304314606,556.0,18.0,49802.29005722569,13649.554559781129,0.7234212508939664,1.0526315789473684,0.9457023604276722,1.0,0.8491856455948139,114981.95145774659,3005.2809925622214,5419.465118276861,799.3782425830149
18,291,5.790862108168424,293065.3590044051,0,-2.176340086435901,0.7365999999999999,0.25583578833434156,0.3068827584014077,192.6916377390911,179.78934304314606,556.0,18.0,49802.29005722569,13649.554559781129,0.7234212508939664,1.0526315789473684,0.9457023604276722,1.0,0.8491856455948139,115100.09225787624,3005.2809925622214,5419.465118276861,799.3782425830149
18,338,5.73431181513294,293846.31380141515,0,-23.2874887564606,0.7365999999999999,0.1535239106182078,0.48412190236641894,219.63731786116603,171.20712237038393,640.0,11.0,43265.73948721482,10792.47955379818,0.7146022720641492,1.0833333333333333,0.9199827823040049,1.0,1.0903323250508619,88179.26428478185,2249.178344532692,4842.529548712316,883.6033643863212
18,282,6.689513160126638,295597.938223266,0,-7.930482359037111,0.8382,0.2889054555378906,0.4916724060163016,229.53375281821118,203.25225574478657,430.0,13.0,47878.0484893673,12049.520484854647,0.7897363398181279,1.0714285714285714,0.9709413737567432,1.0,0.8441167133609202,53642.06597130171,951.9986236434883,3938.4686262336804,689.0966653216842
18,242,6.71682931997299,295817.7698053559,0,-12.650033199953409,0.8382,0.2911808776095178,0.39489535049174923,230.47103786901098,195.89542952130867,430.0,17.0,47878.0484893673,15002.498056140013,0.7498912732094138,1.0555555555555556,0.9709413737567432,1.0,0.8391639054152293,53779.10379399963,1532.4142696554527,3938.4686262336804,731.0994328761565
18,315,5.900301138405669,297170.666304602,0,-33.80650353797437,0.7365999999999999,0.16147562969703302,0.2953007085846154,225.99509032498642,162.81304158285292,640.0,19.0,43265.73948721482,17693.4073672848,0.6047841564257173,1.05,0.9199827823040049,1.0,1.0734772962756316,89873.0011236553,6976.335144039775,4842.529548712316,964.6899622412421
18,276,6.545440237205634,299507.4925189916,0,-17.5734437122972,0.8382,0.18374813034489965,0.3478524989574012,224.59025425770892,183.22912978186716,430.0,18.0,45892.73429770865,12044.609490206562,0.7588632479219077,1.0526315789473684,0.9808933229643638,1.0,1.0580879932203122,43784.022351665015,1956.9893870523501,3807.2674432002705,811.015595556868
19,270,6.367046260407246,248227.31966253987,0,-9.282822374560972,0.7365999999999999,0.1853160780643663,0.479603549613288,193.57379759448636,169.3813589587855,508.0,13.0,47327.67444305798,20117.953623940874,0.7929498274467331,1.0714285714285714,0.9344466662712846,1.0,1.0206849415888832,85122.64262506955,18748.030557016027,1780.9938628430064,1261.071749051484
19,378,6.880863182069336,254213.71941552678,0,-21.6401543371022,0.7365999999999999,0.1492583617082969,0.31241743367829594,221.54913098109608,174.94382578795395,538.0,22.0,33516.438592574515,30883.81418219126,0.689261286951885,1.0434782608695652,0.9228234636957594,1.0,1.0992036766470858,35772.313066053735,56715.81150048444,1351.3771861719395,1475.9884407195964
19,353,6.862817802988195,263910.3046892121,0,-10.524950779976002,0.7365999999999999,0.1458658977426231,0.47960509459003037,209.05718789821728,180.96280196334286,509.0,14.0,37614.59175650768,14223.347393572642,0.8366962127908468,1.0666666666666667,0.9447977932828413,1.0,1.1061708481465011,51895.30299527905,13909.830213726123,1482.0244655090294,1253.439311894487
19,322,6.038268038821379,269936.407114432,0,-16.972248311447746,0.7874,0.15450467296803264,0.528797323726574,205.98333996351005,168.87721823208977,570.0,11.0,44785.5607112571,17031.029698003575,0.7935292958576914,1.0833333333333333,0.9270581054572207,1.0,1.1078608961790124,87097.34479948913,11423.187648567182,1704.043604742342,1335.5474056869018
19,345,5.629839590163388,271196.6747500173,0,-6.833145884016542,0.7365999999999999,0.17295180742700678,0.4792699567889241,208.89717311835682,186.79361245458168,620.0,11.0,30880.36645816518,25111.40331025362,0.7234641208466821,1.0833333333333333,0.9090578299294505,1.0,1.048466399392413,31443.636267267164,26915.112101072395,1265.6576468061141,1335.9465670402844
19,305,6.660154042164647,273315.3834901233,0,-26.20968402198147,0.7874,0.2014267382492724,0.49098117375631656,227.19772713904337,173.15621848535287,570.0,13.0,42179.75195977799,18342.786660659054,0.793347417938298,1.0714285714285714,0.9395276612891077,1.0,1.0126336071012978,71039.10249999605,13200.35614891609,1624.252366563027,1279.4730389821577
19,297,6.9660899981542945,276090.7890240395,0,-18.411686182479272,0.7365999999999999,0.1445366295507402,0.47960509459003037,208.4509784723064,168.90700137107447,500.0,14.0,48084.9172341469,14223.347393572642,0.8379290047079424,1.0666666666666667,0.9447977932828413,1.0,1.1088789352591863,93267.84326078604,13906.942709052924,1803.7543409380582,1258.3592806627319
19,275,6.660154042164647,283267.1666240423,0,-2.987739528660244,0.7874,0.2014267382492724,0.4714525530598376,212.58266866811076,196.85815222726347,400.0,14.0,42835.82841842838,32119.14322041755,0.7509029640261726,1.0666666666666667,0.9104468323430714,1.0,1.0162733214036352,29689.050283165405,20284.701760903063,1233.3243062758038,1155.236192966046
19,376,6.660154042164647,284561.1956305286,0,-2.9330610287076357,0.7874,0.2014267382492724,0.47924339970314317,212.58266866811076,196.95787985811762,400.0,13.0,42835.82841842838,31596.996604940654,0.7540996421600913,1.0714285714285714,0.9104468323430714,1.0,1.0162733214036352,29689.050283165405,18990.672754416737,1233.3243062758038,1153.7298591173994
19,358,6.660154042164647,284667.0435311764,0,-2.8809462695569437,0.7874,0.2014267382492724,0.4809321681582014,212.58266866811076,197.05302559818176,400.0,13.0,42835.82841842838,31486.045384219957,0.7547820088592285,1.0714285714285714,0.9104468323430714,1.0,1.0162733214036352,29689.050283165405,18884.824853768976,1233.3243062758038,1152.2963894878292
19,308,6.484267893577565,286642.3255219146,0,-8.869571389005255,0.7365999999999999,0.17295180742700678,0.4792699567889241,194.03309280398796,170.39942316207132,500.0,13.0,51055.53921083309,14233.293315077488,0.8442425274114123,1.0714285714285714,0.9513586062481102,1.0,1.048466399392413,116453.91348148041,12123.59076355381,1892.3635960006247,1212.9930845453516
19,333,6.545440237205634,290419.8461075452,0,-8.581243044396075,0.8382,0.32220626828706106,0.3379177148873756,224.59025425770892,197.73533748871034,430.0,19.0,47878.0484893673,17532.12828781629,0.7301066219300869,1.05,0.9790359308059365,1.0,0.7707040889283949,52919.290889523225,1909.367260640522,3938.4686262336804,720.1217846433838
19,142,6.525251375840932,291019.1676806626,0,-5.717179049901491,0.8382,0.18633513811583222,0.5508973371755802,223.89752445761104,202.22473728010888,430.0,11.0,47878.0484893673,7605.314506719134,0.8360922954667014,1.0833333333333333,0.9808933229643638,1.0,1.0532712060787999,52818.0088052284,718.5979717200464,3938.4686262336804,694.6708282531387
19,335,6.591656955463185,291762.888406492,0,-13.434429467834196,0.8382,0.2889054555378906,0.3495488055352331,226.17606424577042,190.9715487819342,430.0,18.0,47878.0484893673,16948.754034675254,0.7242468422908321,1.0526315789473684,0.9709413737567432,1.0,0.8441167133609202,53151.14772730287,1920.2781119755386,3938.4686262336804,762.1936862639467
19,218,6.591656955463185,291859.206479102,0,-12.702349335080381,0.8382,0.2889054555378906,0.3610576545463352,226.17606424577042,192.15934560650285,430.0,18.0,47878.0484893673,16408.50610292464,0.7309920472290545,1.0526315789473684,0.9709413737567432,1.0,0.8441167133609202,53151.14772730287,1823.9600393655305,3938.4686262336804,754.4531579860593
19,174,5.78183558225704,292646.8594617481,0,-2.0092786035674193,0.7365999999999999,0.25583578833434156,0.3068827584014077,192.39127899656373,179.78934304314606,556.0,18.0,49802.29005722569,13649.554559781129,0.7234212508939664,1.0526315789473684,0.9457023604276722,1.0,0.8491856455948139,114981.95145774659,3005.2809925622214,5419.465118276861,799.3782425830149
19,291,5.790862108168424,293065.3590044051,0,-2.176340086435901,0.7365999999999999,0.25583578833434156,0.3068827584014077,192.6916377390911,179.78934304314606,556.0,18.0,49802.29005722569,13649.554559781129,0.7234212508939664,1.0526315789473684,0.9457023604276722,1.0,0.8491856455948139,115100.09225787624,3005.2809925622214,5419.465118276861,799.3782425830149
19,338,5.73431181513294,293846.31380141515,0,-23.2874887564606,0.7365999999999999,0.1535239106182078,0.48412190236641894,219.63731786116603,171.20712237038393,640.0,11.0,43265.73948721482,10792.47955379818,0.7146022720641492,1.0833333333333333,0.9199827823040049,1.0,1.0903323250508619,88179.26428478185,2249.178344532692,4842.529548712316,883.6033643863212
19,282,6.689513160126638,295597.938223266,0,-7.930482359037111,0.8382,0.2889054555378906,0.4916724060163016,229.53375281821118,203.25225574478657,430.0,13.0,47878.0484893673,12049.520484854647,0.7897363398181279,1.0714285714285714,0.9709413737567432,1.0,0.8441167133609202,53642.06597130171,951.9986236434883,3938.4686262336804,689.0966653216842
19,242,6.71682931997299,295817.7698053559,0,-12.650033199953409,0.8382,0.2911808776095178,0.39489535049174923,230.47103786901098,195.89542952130867,430.0,17.0,47878.0484893673,15002.498056140013,0.7498912732094138,1.0555555555555556,0.9709413737567432,1.0,0.8391639054152293,53779.10379399963,1532.4142696554527,3938.4686262336804,731.0994328761565
20,398,5.629839590163388,238632.855765719,0,-11.947843126630232,0.7365999999999999,0.1853721765230228,0.4792699567889241,200.13696908436123,171.13352733462082,594.0,11.0,42976.04310676186,25111.40331025362,0.7334176441054323,1.0833333333333333,0.9137866018908068,1.0,1.0205570373923438,76972.23877705926,26755.262095701488,1648.7371824045333,1325.133042169342
20,270,6.367046260407246,248227.31966253987,0,-9.282822374560972,0.7365999999999999,0.1853160780643663,0.479603549613288,193.57379759448636,169.3813589587855,508.0,13.0,47327.67444305798,20117.953623940874,0.7929498274467331,1.0714285714285714,0.9344466662712846,1.0,1.0206849415888832,85122.64262506955,18748.030557016027,1780.9938628430064,1261.071749051484
20,378,6.880863182069336,254213.71941552678,0,-21.6401543371022,0.7365999999999999,0.1492583617082969,0.31241743367829594,221.54913098109608,174.94382578795395,538.0,22.0,33516.438592574515,30883.81418219126,0.689261286951885,1.0434782608695652,0.9228234636957594,1.0,1.0992036766470858,35772.313066053735,56715.81150048444,1351.3771861719395,1475.9884407195964
20,353,6.862817802988195,263910.3046892121,0,-10.524950779976002,0.7365999999999999,0.1458658977426231,0.47960509459003037,209.05718789821728,180.96280196334286,509.0,14.0,37614.59175650768,14223.347393572642,0.8366962127908468,1.0666666666666667,0.9447977932828413,1.0,1.1061708481465011,51895.30299527905,13909.830213726123,1482.0244655090294,1253.439311894487
20,322,6.038268038821379,269936.407114432,0,-16.972248311447746,0.7874,0.15450467296803264,0.528797323726574,205.98333996351005,168.87721823208977,570.0,11.0,44785.5607112571,17031.029698003575,0.7935292958576914,1.0833333333333333,0.9270581054572207,1.0,1.1078608961790124,87097.34479948913,11423.187648567182,1704.043604742342,1335.5474056869018
20,345,5.629839590163388,271196.6747500173,0,-6.833145884016542,0.7365999999999999,0.17295180742700678,0.4792699567889241,208.89717311835682,186.79361245458168,620.0,11.0,30880.36645816518,25111.40331025362,0.7234641208466821,1.0833333333333333,0.9090578299294505,1.0,1.048466399392413,31443.636267267164,26915.112101072395,1265.6576468061141,1335.9465670402844
20,305,6.660154042164647,273315.3834901233,0,-26.20968402198147,0.7874,0.2014267382492724,0.49098117375631656,227.19772713904337,173.15621848535287,570.0,13.0,42179.75195977799,18342.786660659054,0.793347417938298,1.0714285714285714,0.9395276612891077,1.0,1.0126336071012978,71039.10249999605,13200.35614891609,1624.252366563027,1279.4730389821577
20,297,6.9660899981542945,276090.7890240395,0,-18.411686182479272,0.7365999999999999,0.1445366295507402,0.47960509459003037,208.4509784723064,168.90700137107447,500.0,14.0,48084.9172341469,14223.347393572642,0.8379290047079424,1.0666666666666667,0.9447977932828413,1.0,1.1088789352591863,93267.84326078604,13906.942709052924,1803.7543409380582,1258.3592806627319
20,389,6.9660899981542945,278949.8309424759,0,-11.217424459573998,0.7365999999999999,0.14463906352883873,0.47960509459003037,212.20309608480792,182.59146343294017,509.0,14.0,35426.01957329094,14223.347393572642,0.836423043886329,1.0666666666666667,0.9447977932828413,1.0,1.10867069190467,39938.13284511048,13973.38229722155,1412.629194879859,1255.8618145872028
20,275,6.660154042164647,283267.1666240423,0,-2.987739528660244,0.7874,0.2014267382492724,0.4714525530598376,212.58266866811076,196.85815222726347,400.0,14.0,42835.82841842838,32119.14322041755,0.7509029640261726,1.0666666666666667,0.9104468323430714,1.0,1.0162733214036352,29689.050283165405,20284.701760903063,1233.3243062758038,1155.236192966046
20,376,6.660154042164647,284561.1956305286,0,-2.9330610287076357,0.7874,0.2014267382492724,0.47924339970314317,212.58266866811076,196.95787985811762,400.0,13.0,42835.82841842838,31596.996604940654,0.7540996421600913,1.0714285714285714,0.9104468323430714,1.0,1.0162733214036352,29689.050283165405,18990.672754416737,1233.3243062758038,1153.7298591173994
20,358,6.660154042164647,284667.0435311764,0,-2.8809462695569437,0.7874,0.2014267382492724,0.4809321681582014,212.58266866811076,197.05302559818176,400.0,13.0,42835.82841842838,31486.045384219957,0.7547820088592285,1.0714285714285714,0.9104468323430714,1.0,1.0162733214036352,29689.050283165405,18884.824853768976,1233.3243062758038,1152.2963894878292
20,308,6.484267893577565,286642.3255219146,0,-8.869571389005255,0.7365999999999999,0.17295180742700678,0.4792699567889241,194.03309280398796,170.39942316207132,500.0,13.0,51055.53921083309,14233.293315077488,0.8442425274114123,1.0714285714285714,0.9513586062481102,1.0,1.048466399392413,116453.91348148041,12123.59076355381,1892.3635960006247,1212.9930845453516
20,333,6.545440237205634,290419.8461075452,0,-8.581243044396075,0.8382,0.32220626828706106,0.3379177148873756,224.59025425770892,197.73533748871034,430.0,19.0,47878.0484893673,17532.12828781629,0.7301066219300869,1.05,0.9790359308059365,1.0,0.7707040889283949,52919.290889523225,1909.367260640522,3938.4686262336804,720.1217846433838
20,142,6.525251375840932,291019.1676806626,0,-5.717179049901491,0.8382,0.18633513811583222,0.5508973371755802,223.89752445761104,202.22473728010888,430.0,11.0,47878.0484893673,7605.314506719134,0.8360922954667014,1.0833333333333333,0.9808933229643638,1.0,1.0532712060787999,52818.0088052284,718.5979717200464,3938.4686262336804,694.6708282531387
20,335,6.591656955463185,291762.888406492,0,-13.434429467834196,0.8382,0.2889054555378906,0.3495488055352331,226.17606424577042,190.9715487819342,430.0,18.0,47878.0484893673,16948.754034675254,0.7242468422908321,1.0526315789473684,0.9709413737567432,1.0,0.8441167133609202,53151.14772730287,1920.2781119755386,3938.4686262336804,762.1936862639467
20,218,6.591656955463185,291859.206479102,0,-12.702349335080381,0.8382,0.2889054555378906,0.3610576545463352,226.17606424577042,192.15934560650285,430.0,18.0,47878.0484893673,16408.50610292464,0.7309920472290545,1.0526315789473684,0.9709413737567432,1.0,0.8441167133609202,53151.14772730287,1823.9600393655305,3938.4686262336804,754.4531579860593
20,174,5.78183558225704,292646.8594617481,0,-2.0092786035674193,0.7365999999999999,0.25583578833434156,0.3068827584014077,192.39127899656373,179.78934304314606,556.0,18.0,49802.29005722569,13649.554559781129,0.7234212508939664,1.0526315789473684,0.9457023604276722,1.0,0.8491856455948139,114981.95145774659,3005.2809925622214,5419.465118276861,799.3782425830149
20,291,5.790862108168424,293065.3590044051,0,-2.176340086435901,0.7365999999999999,0.25583578833434156,0.3068827584014077,192.6916377390911,179.78934304314606,556.0,18.0,49802.29005722569,13649.554559781129,0.7234212508939664,1.0526315789473684,0.9457023604276722,1.0,0.8491856455948139,115100.09225787624,3005.2809925622214,5419.465118276861,799.3782425830149
20,338,5.73431181513294,293846.31380141515,0,-23.2874887564606,0.7365999999999999,0.1535239106182078,0.48412190236641894,219.63731786116603,171.20712237038393,640.0,11.0,43265.73948721482,10792.47955379818,0.7146022720641492,1.0833333333333333,0.9199827823040049,1.0,1.0903323250508619,88179.26428478185,2249.178344532692,4842.529548712316,883.6033643863212
21,398,5.629839590163388,238632.855765719,0,-11.947843126630232,0.7365999999999999,0.1853721765230228,0.4792699567889241,200.13696908436123,171.13352733462082,594.0,11.0,42976.04310676186,25111.40331025362,0.7334176441054323,1.0833333333333333,0.9137866018908068,1.0,1.0205570373923438,76972.23877705926,26755.262095701488,1648.7371824045333,1325.133042169342
21,417,5.905470966001616,242206.5659407665,0,-16.08870973034744,0.7365999999999999,0.1884075269829436,0.479603549613288,209.93547706338063,173.37328767552825,594.0,12.0,40475.51955736272,25093.936834117725,0.7346469867847647,1.0769230769230769,0.9137866018908068,1.0,1.0136124412260712,60637.39018457587,27749.77093803827,1571.5356478603373,1309.9647417823062
21,270,6.367046260407246,248227.31966253987,0,-9.282822374560972,0.7365999999999999,0.1853160780643663,0.479603549613288,193.57379759448636,169.3813589587855,508.0,13.0,47327.67444305798,20117.953623940874,0.7929498274467331,1.0714285714285714,0.9344466662712846,1.0,1.0206849415888832,85122.64262506955,18748.030557016027,1780.9938628430064,1261.071749051484
21,378,6.880863182069336,254213.71941552678,0,-21.6401543371022,0.7365999999999999,0.1492583617082969,0.31241743367829594,221.54913098109608,174.94382578795395,538.0,22.0,33516.438592574515,30883.81418219126,0.689261286951885,1.0434782608695652,0.9228234636957594,1.0,1.0992036766470858,35772.313066053735,56715.81150048444,1351.3771861719395,1475.9884407195964
21,353,6.862817802988195,263910.3046892121,0,-10.524950779976002,0.7365999999999999,0.1458658977426231,0.47960509459003037,209.05718789821728,180.96280196334286,509.0,14.0,37614.59175650768,14223.347393572642,0.8366962127908468,1.0666666666666667,0.9447977932828413,1.0,1.1061708481465011,51895.30299527905,13909.830213726123,1482.0244655090294,1253.439311894487
21,322,6.038268038821379,269936.407114432,0,-16.972248311447746,0.7874,0.15450467296803264,0.528797323726574,205.98333996351005,168.87721823208977,570.0,11.0,44785.5607112571,17031.029698003575,0.7935292958576914,1.0833333333333333,0.9270581054572207,1.0,1.1078608961790124,87097.34479948913,11423.187648567182,1704.043604742342,1335.5474056869018
21,345,5.629839590163388,271196.6747500173,0,-6.833145884016542,0.7365999999999999,0.17295180742700678,0.4792699567889241,208.89717311835682,186.79361245458168,620.0,11.0,30880.36645816518,25111.40331025362,0.7234641208466821,1.0833333333333333,0.9090578299294505,1.0,1.048466399392413,31443.636267267164,26915.112101072395,1265.6576468061141,1335.9465670402844
21,305,6.660154042164647,273315.3834901233,0,-26.20968402198147,0.7874,0.2014267382492724,0.49098117375631656,227.19772713904337,173.15621848535287,570.0,13.0,42179.75195977799,18342.786660659054,0.793347417938298,1.0714285714285714,0.9395276612891077,1.0,1.0126336071012978,71039.10249999605,13200.35614891609,1624.252366563027,1279.4730389821577
21,297,6.9660899981542945,276090.7890240395,0,-18.411686182479272,0.7365999999999999,0.1445366295507402,0.47960509459003037,208.4509784723064,168.90700137107447,500.0,14.0,48084.9172341469,14223.347393572642,0.8379290047079424,1.0666666666666667,0.9447977932828413,1.0,1.1088789352591863,93267.84326078604,13906.942709052924,1803.7543409380582,1258.3592806627319
21,389,6.9660899981542945,278949.8309424759,0,-11.217424459573998,0.7365999999999999,0.14463906352883873,0.47960509459003037,212.20309608480792,182.59146343294017,509.0,14.0,35426.01957329094,14223.347393572642,0.836423043886329,1.0666666666666667,0.9447977932828413,1.0,1.10867069190467,39938.13284511048,13973.38229722155,1412.629194879859,1255.8618145872028
21,407,6.802464163198594,279133.0809289886,0,-29.32156059181456,0.7874,0.1981220859570001,0.49098117375631656,232.05234999657807,172.7588251462879,570.0,13.0,42179.75195977799,18342.786660659054,0.7924179194272687,1.0714285714285714,0.9395276612891077,1.0,1.0196970363753193,72097.65240193784,13295.8314695273,1624.252366563027,1286.8882475502228
21,275,6.660154042164647,283267.1666240423,0,-2.987739528660244,0.7874,0.2014267382492724,0.4714525530598376,212.58266866811076,196.85815222726347,400.0,14.0,42835.82841842838,32119.14322041755,0.7509029640261726,1.0666666666666667,0.9104468323430714,1.0,1.0162733214036352,29689.050283165405,20284.701760903063,1233.3243062758038,1155.236192966046
21,376,6.660154042164647,284561.1956305286,0,-2.9330610287076357,0.7874,0.2014267382492724,0.47924339970314317,212.58266866811076,196.95787985811762,400.0,13.0,42835.82841842838,31596.996604940654,0.7540996421600913,1.0714285714285714,0.9104468323430714,1.0,1.0162733214036352,29689.050283165405,18990.672754416737,1233.3243062758038,1153.7298591173994
21,358,6.660154042164647,284667.0435311764,0,-2.8809462695569437,0.7874,0.2014267382492724,0.4809321681582014,212.58266866811076,197.05302559818176,400.0,13.0,42835.82841842838,31486.045384219957,0.7547820088592285,1.0714285714285714,0.9104468323430714,1.0,1.0162733214036352,29689.050283165405,18884.824853768976,1233.3243062758038,1152.2963894878292
21,308,6.484267893577565,286642.3255219146,0,-8.869571389005255,0.7365999999999999,0.17295180742700678,0.4792699567889241,194.03309280398796,170.39942316207132,500.0,13.0,51055.53921083309,14233.293315077488,0.8442425274114123,1.0714285714285714,0.9513586062481102,1.0,1.048466399392413,116453.91348148041,12123.59076355381,1892.3635960006247,1212.9930845453516
21,413,6.096359212738358,286903.0098995616,0,-9.481231638956526,0.7874,0.18525974272391096,0.5325858414273824,213.8026173659815,186.75778929445684,586.0,11.0,32672.06007519183,16909.88048137972,0.7997739928579576,1.0833333333333333,0.9350277433824006,1.0,1.0467124946450261,36855.692542870325,10702.164923549542,1324.0717087785877,1277.1654164161675
21,333,6.545440237205634,290419.8461075452,0,-8.581243044396075,0.8382,0.32220626828706106,0.3379177148873756,224.59025425770892,197.73533748871034,430.0,19.0,47878.0484893673,17532.12828781629,0.7301066219300869,1.05,0.9790359308059365,1.0,0.7707040889283949,52919.290889523225,1909.367260640522,3938.4686262336804,720.1217846433838
21,142,6.525251375840932,291019.1676806626,0,-5.717179049901491,0.8382,0.18633513811583222,0.5508973371755802,223.89752445761104,202.22473728010888,430.0,11.0,47878.0484893673,7605.314506719134,0.8360922954667014,1.0833333333333333,0.9808933229643638,1.0,1.0532712060787999,52818.0088052284,718.5979717200464,3938.4686262336804,694.6708282531387
21,335,6.591656955463185,291762.888406492,0,-13.434429467834196,0.8382,0.2889054555378906,0.3495488055352331,226.17606424577042,190.9715487819342,430.0,18.0,47878.0484893673,16948.754034675254,0.7242468422908321,1.0526315789473684,0.9709413737567432,1.0,0.8441167133609202,53151.14772730287,1920.2781119755386,3938.4686262336804,762.1936862639467
21,218,6.591656955463185,291859.206479102,0,-12.702349335080381,0.8382,0.2889054555378906,0.3610576545463352,226.17606424577042,192.15934560650285,430.0,18.0,47878.0484893673,16408.50610292464,0.7309920472290545,1.0526315789473684,0.9709413737567432,1.0,0.8441167133609202,53151.14772730287,1823.9600393655305,3938.4686262336804,754.4531579860593
22,398,5.629839590163388,238632.855765719,0,-11.947843126630232,0.7365999999999999,0.1853721765230228,0.4792699567889241,200.13696908436123,171.13352733462082,594.0,11.0,42976.04310676186,25111.40331025362,0.7334176441054323,1.0833333333333333,0.9137866018908068,1.0,1.0205570373923438,76972.23877705926,26755.262095701488,1648.7371824045333,1325.133042169342
22,417,5.905470966001616,242206.5659407665,0,-16.08870973034744,0.7365999999999999,0.1884075269829436,0.479603549613288,209.93547706338063,173.37328767552825,594.0,12.0,40475.51955736272,25093.936834117725,0.7346469867847647,1.0769230769230769,0.9137866018908068,1.0,1.0136124412260712,60637.39018457587,27749.77093803827,1571.5356478603373,1309.9647417823062
22,422,5.6487023588974195,242630.2054223376,0,-0.48787849323101806,0.7365999999999999,0.1440377555664865,0.4795379395656041,171.73438394694003,162.80011163364134,508.0,11.0,50251.51497129242,20120.706148376717,0.7809800368240267,1.0833333333333333,0.9353237809222416,1.0,1.1098920595034796,102958.58357608953,20341.672100691947,1868.4850116518016,1366.991343437827
22,270,6.367046260407246,248227.31966253987,0,-9.282822374560972,0.7365999999999999,0.1853160780643663,0.479603549613288,193.57379759448636,169.3813589587855,508.0,13.0,47327.67444305798,20117.953623940874,0.7929498274467331,1.0714285714285714,0.9344466662712846,1.0,1.0206849415888832,85122.64262506955,18748.030557016027,1780.9938628430064,1261.071749051484
22,378,6.880863182069336,254213.71941552678,0,-21.6401543371022,0.7365999999999999,0.1492583617082969,0.31241743367829594,221.54913098109608,174.94382578795395,538.0,22.0,33516.438592574515,30883.81418219126,0.689261286951885,1.0434782608695652,0.9228234636957594,1.0,1.0992036766470858,35772.313066053735,56715.81150048444,1351.3771861719395,1475.9884407195964
22,353,6.862817802988195,263910.3046892121,0,-10.524950779976002,0.7365999999999999,0.1458658977426231,0.47960509459003037,209.05718789821728,180.96280196334286,509.0,14.0,37614.59175650768,14223.347393572642,0.8366962127908468,1.0666666666666667,0.9447977932828413,1.0,1.1061708481465011,51895.30299527905,13909.830213726123,1482.0244655090294,1253.439311894487
22,322,6.038268038821379,269936.407114432,0,-16.972248311447746,0.7874,0.15450467296803264,0.528797323726574,205.98333996351005,168.87721823208977,570.0,11.0,44785.5607112571,17031.029698003575,0.7935292958576914,1.0833333333333333,0.9270581054572207,1.0,1.1078608961790124,87097.34479948913,11423.187648567182,1704.043604742342,1335.5474056869018
22,345,5.629839590163388,271196.6747500173,0,-6.833145884016542,0.7365999999999999,0.17295180742700678,0.4792699567889241,208.89717311835682,186.79361245458168,620.0,11.0,30880.36645816518,25111.40331025362,0.7234641208466821,1.0833333333333333,0.9090578299294505,1.0,1.048466399392413,31443.636267267164,26915.112101072395,1265.6576468061141,1335.9465670402844
22,305,6.660154042164647,273315.3834901233,0,-26.20968402198147,0.7874,0.2014267382492724,0.49098117375631656,227.19772713904337,173.15621848535287,570.0,13.0,42179.75195977799,18342.786660659054,0.793347417938298,1.0714285714285714,0.9395276612891077,1.0,1.0126336071012978,71039.10249999605,13200.35614891609,1624.252366563027,1279.4730389821577
22,297,6.9660899981542945,276090.7890240395,0,-18.411686182479272,0.7365999999999999,0.1445366295507402,0.47960509459003037,208.4509784723064,168.90700137107447,500.0,14.0,48084.9172341469,14223.347393572642,0.8379290047079424,1.0666666666666667,0.9447977932828413,1.0,1.1088789352591863,93267.84326078604,13906.942709052924,1803.7543409380582,1258.3592806627319
22,389,6.9660899981542945,278949.8309424759,0,-11.217424459573998,0.7365999999999999,0.14463906352883873,0.47960509459003037,212.20309608480792,182.59146343294017,509.0,14.0,35426.01957329094,14223.347393572642,0.836423043886329,1.0666666666666667,0.9447977932828413,1.0,1.10867069190467,39938.13284511048,13973.38229722155,1412.629194879859,1255.8618145872028
22,407,6.802464163198594,279133.0809289886,0,-29.32156059181456,0.7874,0.1981220859570001,0.49098117375631656,232.05234999657807,172.7588251462879,570.0,13.0,42179.75195977799,18342.786660659054,0.7924179194272687,1.0714285714285714,0.9395276612891077,1.0,1.0196970363753193,72097.65240193784,13295.8314695273,1624.252366563027,1286.8882475502228
22,275,6.660154042164647,283267.1666240423,0,-2.987739528660244,0.7874,0.2014267382492724,0.4714525530598376,212.58266866811076,196.85815222726347,400.0,14.0,42835.82841842838,32119.14322041755,0.7509029640261726,1.0666666666666667,0.9104468323430714,1.0,1.0162733214036352,29689.050283165405,20284.701760903063,1233.3243062758038,1155.236192966046
22,376,6.660154042164647,284561.1956305286,0,-2.9330610287076357,0.7874,0.2014267382492724,0.47924339970314317,212.58266866811076,196.95787985811762,400.0,13.0,42835.82841842838,31596.996604940654,0.7540996421600913,1.0714285714285714,0.9104468323430714,1.0,1.0162733214036352,29689.050283165405,18990.672754416737,1233.3243062758038,1153.7298591173994
22,358,6.660154042164647,284667.0435311764,0,-2.8809462695569437,0.7874,0.2014267382492724,0.4809321681582014,212.58266866811076,197.05302559818176,400.0,13.0,42835.82841842838,31486.045384219957,0.7547820088592285,1.0714285714285714,0.9104468323430714,1.0,1.0162733214036352,29689.050283165405,18884.824853768976,1233.3243062758038,1152.2963894878292
22,308,6.484267893577565,286642.3255219146,0,-8.869571389005255,0.7365999999999999,0.17295180742700678,0.4792699567889241,194.03309280398796,170.39942316207132,500.0,13.0,51055.53921083309,14233.293315077488,0.8442425274114123,1.0714285714285714,0.9513586062481102,1.0,1.048466399392413,116453.91348148041,12123.59076355381,1892.3635960006247,1212.9930845453516
22,413,6.096359212738358,286903.0098995616,0,-9.481231638956526,0.7874,0.18525974272391096,0.5325858414273824,213.8026173659815,186.75778929445684,586.0,11.0,32672.06007519183,16909.88048137972,0.7997739928579576,1.0833333333333333,0.9350277433824006,1.0,1.0467124946450261,36855.692542870325,10702.164923549542,1324.0717087785877,1277.1654164161675
22,333,6.545440237205634,290419.8461075452,0,-8.581243044396075,0.8382,0.32220626828706106,0.3379177148873756,224.59025425770892,197.73533748871034,430.0,19.0,47878.0484893673,17532.12828781629,0.7301066219300869,1.05,0.9790359308059365,1.0,0.7707040889283949,52919.290889523225,1909.367260640522,3938.4686262336804,720.1217846433838
22,142,6.525251375840932,291019.1676806626,0,-5.717179049901491,0.8382,0.18633513811583222,0.5508973371755802,223.89752445761104,202.22473728010888,430.0,11.0,47878.0484893673,7605.314506719134,0.8360922954667014,1.0833333333333333,0.9808933229643638,1.0,1.0532712060787999,52818.0088052284,718.5979717200464,3938.4686262336804,694.6708282531387
22,335,6.591656955463185,291762.888406492,0,-13.434429467834196,0.8382,0.2889054555378906,0.3495488055352331,226.17606424577042,190.9715487819342,430.0,18.0,47878.0484893673,16948.754034675254,0.7242468422908321,1.0526315789473684,0.9709413737567432,1.0,0.8441167133609202,53151.14772730287,1920.2781119755386,3938.4686262336804,762.1936862639467
23,398,5.629839590163388,238632.855765719,0,-11.947843126630232,0.7365999999999999,0.1853721765230228,0.4792699567889241,200.13696908436123,171.13352733462082,594.0,11.0,42976.04310676186,25111.40331025362,0.7334176441054323,1.0833333333333333,0.9137866018908068,1.0,1.0205570373923438,76972.23877705926,26755.262095701488,1648.7371824045333,1325.133042169342
23,417,5.905470966001616,242206.5659407665,0,-16.08870973034744,0.7365999999999999,0.1884075269829436,0.479603549613288,209.93547706338063,173.37328767552825,594.0,12.0,40475.51955736272,25093.936834117725,0.7346469867847647,1.0769230769230769,0.9137866018908068,1.0,1.0136124412260712,60637.39018457587,27749.77093803827,1571.5356478603373,1309.9647417823062
23,422,5.6487023588974195,242630.2054223376,0,-0.48787849323101806,0.7365999999999999,0.1440377555664865,0.4795379395656041,171.73438394694003,162.80011163364134,508.0,11.0,50251.51497129242,20120.706148376717,0.7809800368240267,1.0833333333333333,0.9353237809222416,1.0,1.1098920595034796,102958.58357608953,20341.672100691947,1868.4850116518016,1366.991343437827
23,270,6.367046260407246,248227.31966253987,0,-9.282822374560972,0.7365999999999999,0.1853160780643663,0.479603549613288,193.57379759448636,169.3813589587855,508.0,13.0,47327.67444305798,20117.953623940874,0.7929498274467331,1.0714285714285714,0.9344466662712846,1.0,1.0206849415888832,85122.64262506955,18748.030557016027,1780.9938628430064,1261.071749051484
23,378,6.880863182069336,254213.71941552678,0,-21.6401543371022,0.7365999999999999,0.1492583617082969,0.31241743367829594,221.54913098109608,174.94382578795395,538.0,22.0,33516.438592574515,30883.81418219126,0.689261286951885,1.0434782608695652,0.9228234636957594,1.0,1.0992036766470858,35772.313066053735,56715.81150048444,1351.3771861719395,1475.9884407195964
23,353,6.862817802988195,263910.3046892121,0,-10.524950779976002,0.7365999999999999,0.1458658977426231,0.47960509459003037,209.05718789821728,180.96280196334286,509.0,14.0,37614.59175650768,14223.347393572642,0.8366962127908468,1.0666666666666667,0.9447977932828413,1.0,1.1061708481465011,51895.30299527905,13909.830213726123,1482.0244655090294,1253.439311894487
23,322,6.038268038821379,269936.407114432,0,-16.972248311447746,0.7874,0.15450467296803264,0.528797323726574,205.98333996351005,168.87721823208977,570.0,11.0,44785.5607112571,17031.029698003575,0.7935292958576914,1.0833333333333333,0.9270581054572207,1.0,1.1078608961790124,87097.34479948913,11423.187648567182,1704.043604742342,1335.5474056869018
23,345,5.629839590163388,271196.6747500173,0,-6.833145884016542,0.7365999999999999,0.17295180742700678,0.4792699567889241,208.89717311835682,186.79361245458168,620.0,11.0,30880.36645816518,25111.40331025362,0.7234641208466821,1.0833333333333333,0.9090578299294505,1.0,1.048466399392413,31443.636267267164,26915.112101072395,1265.6576468061141,1335.9465670402844
23,305,6.660154042164647,273315.3834901233,0,-26.20968402198147,0.7874,0.2014267382492724,0.49098117375631656,227.19772713904337,173.15621848535287,570.0,13.0,42179.75195977799,18342.786660659054,0.793347417938298,1.0714285714285714,0.9395276612891077,1.0,1.0126336071012978,71039.10249999605,13200.35614891609,1624.252366563027,1279.4730389821577
23,297,6.9660899981542945,276090.7890240395,0,-18.411686182479272,0.7365999999999999,0.1445366295507402,0.47960509459003037,208.4509784723064,168.90700137107447,500.0,14.0,48084.9172341469,14223.347393572642,0.8379290047079424,1.0666666666666667,0.9447977932828413,1.0,1.1088789352591863,93267.84326078604,13906.942709052924,1803.7543409380582,1258.3592806627319
23,389,6.9660899981542945,278949.8309424759,0,-11.217424459573998,0.7365999999999999,0.14463906352883873,0.47960509459003037,212.20309608480792,182.59146343294017,509.0,14.0,35426.01957329094,14223.347393572642,0.836423043886329,1.0666666666666667,0.9447977932828413,1.0,1.10867069190467,39938.13284511048,13973.38229722155,1412.629194879859,1255.8618145872028
23,407,6.802464163198594,279133.0809289886,0,-29.32156059181456,0.7874,0.1981220859570001,0.49098117375631656,232.05234999657807,172.7588251462879,570.0,13.0,42179.75195977799,18342.786660659054,0.7924179194272687,1.0714285714285714,0.9395276612891077,1.0,1.0196970363753193,72097.65240193784,13295.8314695273,1624.252366563027,1286.8882475502228
23,275,6.660154042164647,283267.1666240423,0,-2.987739528660244,0.7874,0.2014267382492724,0.4714525530598376,212.58266866811076,196.85815222726347,400.0,14.0,42835.82841842838,32119.14322041755,0.7509029640261726,1.0666666666666667,0.9104468323430714,1.0,1.0162733214036352,29689.050283165405,20284.701760903063,1233.3243062758038,1155.236192966046
23,376,6.660154042164647,284561.1956305286,0,-2.9330610287076357,0.7874,0.2014267382492724,0.47924339970314317,212.58266866811076,196.95787985811762,400.0,13.0,42835.82841842838,31596.996604940654,0.7540996421600913,1.0714285714285714,0.9104468323430714,1.0,1.0162733214036352,29689.050283165405,18990.672754416737,1233.3243062758038,1153.7298591173994
23,358,6.660154042164647,284667.0435311764,0,-2.8809462695569437,0.7874,0.2014267382492724,0.4809321681582014,212.58266866811076,197.05302559818176,400.0,13.0,42835.82841842838,31486.045384219957,0.7547820088592285,1.0714285714285714,0.9104468323430714,1.0,1.0162733214036352,29689.050283165405,18884.824853768976,1233.3243062758038,1152.2963894878292
23,308,6.484267893577565,286642.3255219146,0,-8.869571389005255,0.7365999999999999,0.17295180742700678,0.4792699567889241,194.03309280398796,170.39942316207132,500.0,13.0,51055.53921083309,14233.293315077488,0.8442425274114123,1.0714285714285714,0.9513586062481102,1.0,1.048466399392413,116453.91348148041,12123.59076355381,1892.3635960006247,1212.9930845453516
23,413,6.096359212738358,286903.0098995616,0,-9.481231638956526,0.7874,0.18525974272391096,0.5325858414273824,213.8026173659815,186.75778929445684,586.0,11.0,32672.06007519183,16909.88048137972,0.7997739928579576,1.0833333333333333,0.9350277433824006,1.0,1.0467124946450261,36855.692542870325,10702.164923549542,1324.0717087785877,1277.1654164161675
23,333,6.545440237205634,290419.8461075452,0,-8.581243044396075,0.8382,0.32220626828706106,0.3379177148873756,224.59025425770892,197.73533748871034,430.0,19.0,47878.0484893673,17532.12828781629,0.7301066219300869,1.05,0.9790359308059365,1.0,0.7707040889283949,52919.290889523225,1909.367260640522,3938.4686262336804,720.1217846433838
23,142,6.525251375840932,291019.1676806626,0,-5.717179049901491,0.8382,0.18633513811583222,0.5508973371755802,223.89752445761104,202.22473728010888,430.0,11.0,47878.0484893673,7605.314506719134,0.8360922954667014,1.0833333333333333,0.9808933229643638,1.0,1.0532712060787999,52818.0088052284,718.5979717200464,3938.4686262336804,694.6708282531387
23,335,6.591656955463185,291762.888406492,0,-13.434429467834196,0.8382,0.2889054555378906,0.3495488055352331,226.17606424577042,190.9715487819342,430.0,18.0,47878.0484893673,16948.754034675254,0.7242468422908321,1.0526315789473684,0.9709413737567432,1.0,0.8441167133609202,53151.14772730287,1920.2781119755386,3938.4686262336804,762.1936862639467
24,398,5.629839590163388,238632.855765719,0,-11.947843126630232,0.7365999999999999,0.1853721765230228,0.4792699567889241,200.13696908436123,171.13352733462082,594.0,11.0,42976.04310676186,25111.40331025362,0.7334176441054323,1.0833333333333333,0.9137866018908068,1.0,1.0205570373923438,76972.23877705926,26755.262095701488,1648.7371824045333,1325.133042169342
24,417,5.905470966001616,242206.5659407665,0,-16.08870973034744,0.7365999999999999,0.1884075269829436,0.479603549613288,209.93547706338063,173.37328767552825,594.0,12.0,40475.51955736272,25093.936834117725,0.7346469867847647,1.0769230769230769,0.9137866018908068,1.0,1.0136124412260712,60637.39018457587,27749.77093803827,1571.5356478603373,1309.9647417823062
24,422,5.6487023588974195,242630.2054223376,0,-0.48787849323101806,0.7365999999999999,0.1440377555664865,0.4795379395656041,171.73438394694003,162.80011163364134,508.0,11.0,50251.51497129242,20120.706148376717,0.7809800368240267,1.0833333333333333,0.9353237809222416,1.0,1.1098920595034796,102958.58357608953,20341.672100691947,1868.4850116518016,1366.991343437827
24,474,5.8352486643762544,246082.66252030683,0,-18.840676605598443,0.7365999999999999,0.1445366295507402,0.49414646383795763,207.43912199245048,167.5048357924369,594.0,11.0,42976.04310676186,24355.412939595797,0.7257622182635863,1.0833333333333333,0.9157846613433681,1.0,1.1088789352591863,78862.61965168221,28497.989123825835,1648.7371824045333,1401.5052003249705
24,270,6.367046260407246,248227.31966253987,0,-9.282822374560972,0.7365999999999999,0.1853160780643663,0.479603549613288,193.57379759448636,169.3813589587855,508.0,13.0,47327.67444305798,20117.953623940874,0.7929498274467331,1.0714285714285714,0.9344466662712846,1.0,1.0206849415888832,85122.64262506955,18748.030557016027,1780.9938628430064,1261.071749051484
24,378,6.880863182069336,254213.71941552678,0,-21.6401543371022,0.7365999999999999,0.1492583617082969,0.31241743367829594,221.54913098109608,174.94382578795395,538.0,22.0,33516.438592574515,30883.81418219126,0.689261286951885,1.0434782608695652,0.9228234636957594,1.0,1.0992036766470858,35772.313066053735,56715.81150048444,1351.3771861719395,1475.9884407195964
24,353,6.862817802988195,263910.3046892121,0,-10.524950779976002,0.7365999999999999,0.1458658977426231,0.47960509459003037,209.05718789821728,180.96280196334286,509.0,14.0,37614.59175650768,14223.347393572642,0.8366962127908468,1.0666666666666667,0.9447977932828413,1.0,1.1061708481465011,51895.30299527905,13909.830213726123,1482.0244655090294,1253.439311894487
24,322,6.038268038821379,269936.407114432,0,-16.972248311447746,0.7874,0.15450467296803264,0.528797323726574,205.98333996351005,168.87721823208977,570.0,11.0,44785.5607112571,17031.029698003575,0.7935292958576914,1.0833333333333333,0.9270581054572207,1.0,1.1078608961790124,87097.34479948913,11423.187648567182,1704.043604742342,1335.5474056869018
24,345,5.629839590163388,271196.6747500173,0,-6.833145884016542,0.7365999999999999,0.17295180742700678,0.4792699567889241,208.89717311835682,186.79361245458168,620.0,11.0,30880.36645816518,25111.40331025362,0.7234641208466821,1.0833333333333333,0.9090578299294505,1.0,1.048466399392413,31443.636267267164,26915.112101072395,1265.6576468061141,1335.9465670402844
24,305,6.660154042164647,273315.3834901233,0,-26.20968402198147,0.7874,0.2014267382492724,0.49098117375631656,227.19772713904337,173.15621848535287,570.0,13.0,42179.75195977799,18342.786660659054,0.793347417938298,1.0714285714285714,0.9395276612891077,1.0,1.0126336071012978,71039.10249999605,13200.35614891609,1624.252366563027,1279.4730389821577
24,297,6.9660899981542945,276090.7890240395,0,-18.411686182479272,0.7365999999999999,0.1445366295507402,0.47960509459003037,208.4509784723064,168.90700137107447,500.0,14.0,48084.9172341469,14223.347393572642,0.8379290047079424,1.0666666666666667,0.9447977932828413,1.0,1.1088789352591863,93267.84326078604,13906.942709052924,1803.7543409380582,1258.3592806627319
24,389,6.9660899981542945,278949.8309424759,0,-11.217424459573998,0.7365999999999999,0.14463906352883873,0.47960509459003037,212.20309608480792,182.59146343294017,509.0,14.0,35426.01957329094,14223.347393572642,0.836423043886329,1.0666666666666667,0.9447977932828413,1.0,1.10867069190467,39938.13284511048,13973.38229722155,1412.629194879859,1255.8618145872028
24,407,6.802464163198594,279133.0809289886,0,-29.32156059181456,0.7874,0.1981220859570001,0.49098117375631656,232.05234999657807,172.7588251462879,570.0,13.0,42179.75195977799,18342.786660659054,0.7924179194272687,1.0714285714285714,0.9395276612891077,1.0,1.0196970363753193,72097.65240193784,13295.8314695273,1624.252366563027,1286.8882475502228
24,275,6.660154042164647,283267.1666240423,0,-2.987739528660244,0.7874,0.2014267382492724,0.4714525530598376,212.58266866811076,196.85815222726347,400.0,14.0,42835.82841842838,32119.14322041755,0.7509029640261726,1.0666666666666667,0.9104468323430714,1.0,1.0162733214036352,29689.050283165405,20284.701760903063,1233.3243062758038,1155.236192966046
24,376,6.660154042164647,284561.1956305286,0,-2.9330610287076357,0.7874,0.2014267382492724,0.47924339970314317,212.58266866811076,196.95787985811762,400.0,13.0,42835.82841842838,31596.996604940654,0.7540996421600913,1.0714285714285714,0.9104468323430714,1.0,1.0162733214036352,29689.050283165405,18990.672754416737,1233.3243062758038,1153.7298591173994
24,358,6.660154042164647,284667.0435311764,0,-2.8809462695569437,0.7874,0.2014267382492724,0.4809321681582014,212.58266866811076,197.05302559818176,400.0,13.0,42835.82841842838,31486.045384219957,0.7547820088592285,1.0714285714285714,0.9104468323430714,1.0,1.0162733214036352,29689.050283165405,18884.824853768976,1233.3243062758038,1152.2963894878292
24,308,6.484267893577565,286642.3255219146,0,-8.869571389005255,0.7365999999999999,0.17295180742700678,0.4792699567889241,194.03309280398796,170.39942316207132,500.0,13.0,51055.53921083309,14233.293315077488,0.8442425274114123,1.0714285714285714,0.9513586062481102,1.0,1.048466399392413,116453.91348148041,12123.59076355381,1892.3635960006247,1212.9930845453516
24,413,6.096359212738358,286903.0098995616,0,-9.481231638956526,0.7874,0.18525974272391096,0.5325858414273824,213.8026173659815,186.75778929445684,586.0,11.0,32672.06007519183,16909.88048137972,0.7997739928579576,1.0833333333333333,0.9350277433824006,1.0,1.0467124946450261,36855.692542870325,10702.164923549542,1324.0717087785877,1277.1654164161675
24,333,6.545440237205634,290419.8461075452,0,-8.581243044396075,0.8382,0.32220626828706106,0.3379177148873756,224.59025425770892,197.73533748871034,430.0,19.0,47878.0484893673,17532.12828781629,0.7301066219300869,1.05,0.9790359308059365,1.0,0.7707040889283949,52919.290889523225,1909.367260640522,3938.4686262336804,720.1217846433838
24,142,6.525251375840932,291019.1676806626,0,-5.717179049901491,0.8382,0.18633513811583222,0.5508973371755802,223.89752445761104,202.22473728010888,430.0,11.0,47878.0484893673,7605.314506719134,0.8360922954667014,1.0833333333333333,0.9808933229643638,1.0,1.0532712060787999,52818.0088052284,718.5979717200464,3938.4686262336804,694.6708282531387
25,498,5.641075861237999,237343.3349365132,0,-14.756167050331246,0.7365999999999999,0.1440377555664865,0.49396610400463886,200.53641088028948,167.45393228559814,594.0,11.0,42976.04310676186,24364.305732406032,0.7255247590580742,1.0833333333333333,0.9157846613433681,1.0,1.1098920595034796,77075.64624346705,28547.632187243325,1648.7371824045333,1402.6392163911094
25,398,5.629839590163388,238632.855765719,0,-11.947843126630232,0.7365999999999999,0.1853721765230228,0.4792699567889241,200.13696908436123,171.13352733462082,594.0,11.0,42976.04310676186,25111.40331025362,0.7334176441054323,1.0833333333333333,0.9137866018908068,1.0,1.0205570373923438,76972.23877705926,26755.262095701488,1648.7371824045333,1325.133042169342
25,417,5.905470966001616,242206.5659407665,0,-16.08870973034744,0.7365999999999999,0.1884075269829436,0.479603549613288,209.93547706338063,173.37328767552825,594.0,12.0,40475.51955736272,25093.936834117725,0.7346469867847647,1.0769230769230769,0.9137866018908068,1.0,1.0136124412260712,60637.39018457587,27749.77093803827,1571.5356478603373,1309.9647417823062
25,422,5.6487023588974195,242630.2054223376,0,-0.48787849323101806,0.7365999999999999,0.1440377555664865,0.4795379395656041,171.73438394694003,162.80011163364134,508.0,11.0,50251.51497129242,20120.706148376717,0.7809800368240267,1.0833333333333333,0.9353237809222416,1.0,1.1098920595034796,102958.58357608953,20341.672100691947,1868.4850116518016,1366.991343437827
25,474,5.8352486643762544,246082.66252030683,0,-18.840676605598443,0.7365999999999999,0.1445366295507402,0.49414646383795763,207.43912199245048,167.5048357924369,594.0,11.0,42976.04310676186,24355.412939595797,0.7257622182635863,1.0833333333333333,0.9157846613433681,1.0,1.1088789352591863,78862.61965168221,28497.989123825835,1648.7371824045333,1401.5052003249705
25,270,6.367046260407246,248227.31966253987,0,-9.282822374560972,0.7365999999999999,0.1853160780643663,0.479603549613288,193.57379759448636,169.3813589587855,508.0,13.0,47327.67444305798,20117.953623940874,0.7929498274467331,1.0714285714285714,0.9344466662712846,1.0,1.0206849415888832,85122.64262506955,18748.030557016027,1780.9938628430064,1261.071749051484
25,378,6.880863182069336,254213.71941552678,0,-21.6401543371022,0.7365999999999999,0.1492583617082969,0.31241743367829594,221.54913098109608,174.94382578795395,538.0,22.0,33516.438592574515,30883.81418219126,0.689261286951885,1.0434782608695652,0.9228234636957594,1.0,1.0992036766470858,35772.313066053735,56715.81150048444,1351.3771861719395,1475.9884407195964
25,496,6.484267893577565,263554.214976765,0,-10.492364289012725,0.7365999999999999,0.15237173946870558,0.4792699567889241,208.7796078570911,180.773516190761,538.0,13.0,35587.03941275541,20131.95659841229,0.7770103428453723,1.0714285714285714,0.9228234636957594,1.0,1.0927405682129403,45021.84696792532,20861.79591240082,1417.7634578817385,1307.0593664069754
25,353,6.862817802988195,263910.3046892121,0,-10.524950779976002,0.7365999999999999,0.1458658977426231,0.47960509459003037,209.05718789821728,180.96280196334286,509.0,14.0,37614.59175650768,14223.347393572642,0.8366962127908468,1.0666666666666667,0.9447977932828413,1.0,1.1061708481465011,51895.30299527905,13909.830213726123,1482.0244655090294,1253.439311894487
25,322,6.038268038821379,269936.407114432,0,-16.972248311447746,0.7874,0.15450467296803264,0.528797323726574,205.98333996351005,168.87721823208977,570.0,11.0,44785.5607112571,17031.029698003575,0.7935292958576914,1.0833333333333333,0.9270581054572207,1.0,1.1078608961790124,87097.34479948913,11423.187648567182,1704.043604742342,1335.5474056869018
25,345,5.629839590163388,271196.6747500173,0,-6.833145884016542,0.7365999999999999,0.17295180742700678,0.4792699567889241,208.89717311835682,186.79361245458168,620.0,11.0,30880.36645816518,25111.40331025362,0.7234641208466821,1.0833333333333333,0.9090578299294505,1.0,1.048466399392413,31443.636267267164,26915.112101072395,1265.6576468061141,1335.9465670402844
25,305,6.660154042164647,273315.3834901233,0,-26.20968402198147,0.7874,0.2014267382492724,0.49098117375631656,227.19772713904337,173.15621848535287,570.0,13.0,42179.75195977799,18342.786660659054,0.793347417938298,1.0714285714285714,0.9395276612891077,1.0,1.0126336071012978,71039.10249999605,13200.35614891609,1624.252366563027,1279.4730389821577
25,297,6.9660899981542945,276090.7890240395,0,-18.411686182479272,0.7365999999999999,0.1445366295507402,0.47960509459003037,208.4509784723064,168.90700137107447,500.0,14.0,48084.9172341469,14223.347393572642,0.8379290047079424,1.0666666666666667,0.9447977932828413,1.0,1.1088789352591863,93267.84326078604,13906.942709052924,1803.7543409380582,1258.3592806627319
25,389,6.9660899981542945,278949.8309424759,0,-11.217424459573998,0.7365999999999999,0.14463906352883873,0.47960509459003037,212.20309608480792,182.59146343294017,509.0,14.0,35426.01957329094,14223.347393572642,0.836423043886329,1.0666666666666667,0.9447977932828413,1.0,1.10867069190467,39938.13284511048,13973.38229722155,1412.629194879859,1255.8618145872028
25,407,6.802464163198594,279133.0809289886,0,-29.32156059181456,0.7874,0.1981220859570001,0.49098117375631656,232.05234999657807,172.7588251462879,570.0,13.0,42179.75195977799,18342.786660659054,0.7924179194272687,1.0714285714285714,0.9395276612891077,1.0,1.0196970363753193,72097.65240193784,13295.8314695273,1624.252366563027,1286.8882475502228
25,481,5.629839590163388,279227.80966542923,0,-4.461115109831033,0.7365999999999999,0.19631342708665514,0.4749415941421484,208.89717311835682,190.84144438758338,620.0,11.0,29083.61929484692,25340.255155273724,0.7300594890331932,1.0833333333333333,0.9189067911409701,1.0,0.9953093066061136,23982.31394886828,26345.299504059305,1206.3936758204377,1300.8248620474933
25,275,6.660154042164647,283267.1666240423,0,-2.987739528660244,0.7874,0.2014267382492724,0.4714525530598376,212.58266866811076,196.85815222726347,400.0,14.0,42835.82841842838,32119.14322041755,0.7509029640261726,1.0666666666666667,0.9104468323430714,1.0,1.0162733214036352,29689.050283165405,20284.701760903063,1233.3243062758038,1155.236192966046
25,376,6.660154042164647,284561.1956305286,0,-2.9330610287076357,0.7874,0.2014267382492724,0.47924339970314317,212.58266866811076,196.95787985811762,400.0,13.0,42835.82841842838,31596.996604940654,0.7540996421600913,1.0714285714285714,0.9104468323430714,1.0,1.0162733214036352,29689.050283165405,18990.672754416737,1233.3243062758038,1153.7298591173994
25,358,6.660154042164647,284667.0435311764,0,-2.8809462695569437,0.7874,0.2014267382492724,0.4809321681582014,212.58266866811076,197.05302559818176,400.0,13.0,42835.82841842838,31486.045384219957,0.7547820088592285,1.0714285714285714,0.9104468323430714,1.0,1.0162733214036352,29689.050283165405,18884.824853768976,1233.3243062758038,1152.2963894878292
25,484,6.719721927336086,285522.51871965,0,-3.7099483959456165,0.7874,0.2014267382492724,0.47924339970314317,214.48399105742658,197.2993219316309,400.0,14.0,42835.82841842838,31596.996604940654,0.7540996421600913,1.0666666666666667,0.9104468323430714,1.0,1.0162733214036352,29853.86524769545,19765.85709008114,1233.3243062758038,1148.6021708546555
26,498,5.641075861237999,237343.3349365132,0,-14.756167050331246,0.7365999999999999,0.1440377555664865,0.49396610400463886,200.53641088028948,167.45393228559814,594.0,11.0,42976.04310676186,24364.305732406032,0.7255247590580742,1.0833333333333333,0.9157846613433681,1.0,1.1098920595034796,77075.64624346705,28547.632187243325,1648.7371824045333,1402.6392163911094
26,398,5.629839590163388,238632.855765719,0,-11.947843126630232,0.7365999999999999,0.1853721765230228,0.4792699567889241,200.13696908436123,171.13352733462082,594.0,11.0,42976.04310676186,25111.40331025362,0.7334176441054323,1.0833333333333333,0.9137866018908068,1.0,1.0205570373923438,76972.23877705926,26755.262095701488,1648.7371824045333,1325.133042169342
26,417,5.905470966001616,242206.5659407665,0,-16.08870973034744,0.7365999999999999,0.1884075269829436,0.479603549613288,209.93547706338063,173.37328767552825,594.0,12.0,40475.51955736272,25093.936834117725,0.7346469867847647,1.0769230769230769,0.9137866018908068,1.0,1.0136124412260712,60637.39018457587,27749.77093803827,1571.5356478603373,1309.9647417823062
26,422,5.6487023588974195,242630.2054223376,0,-0.48787849323101806,0.7365999999999999,0.1440377555664865,0.4795379395656041,171.73438394694003,162.80011163364134,508.0,11.0,50251.51497129242,20120.706148376717,0.7809800368240267,1.0833333333333333,0.9353237809222416,1.0,1.1098920595034796,102958.58357608953,20341.672100691947,1868.4850116518016,1366.991343437827
26,474,5.8352486643762544,246082.66252030683,0,-18.840676605598443,0.7365999999999999,0.1445366295507402,0.49414646383795763,207.43912199245048,167.5048357924369,594.0,11.0,42976.04310676186,24355.412939595797,0.7257622182635863,1.0833333333333333,0.9157846613433681,1.0,1.1088789352591863,78862.61965168221,28497.989123825835,1648.7371824045333,1401.5052003249705
26,270,6.367046260407246,248227.31966253987,0,-9.282822374560972,0.7365999999999999,0.1853160780643663,0.479603549613288,193.57379759448636,169.3813589587855,508.0,13.0,47327.67444305798,20117.953623940874,0.7929498274467331,1.0714285714285714,0.9344466662712846,1.0,1.0206849415888832,85122.64262506955,18748.030557016027,1780.9938628430064,1261.071749051484
26,378,6.880863182069336,254213.71941552678,0,-21.6401543371022,0.7365999999999999,0.1492583617082969,0.31241743367829594,221.54913098109608,174.94382578795395,538.0,22.0,33516.438592574515,30883.81418219126,0.689261286951885,1.0434782608695652,0.9228234636957594,1.0,1.0992036766470858,35772.313066053735,56715.81150048444,1351.3771861719395,1475.9884407195964
26,496,6.484267893577565,263554.214976765,0,-10.492364289012725,0.7365999999999999,0.15237173946870558,0.4792699567889241,208.7796078570911,180.773516190761,538.0,13.0,35587.03941275541,20131.95659841229,0.7770103428453723,1.0714285714285714,0.9228234636957594,1.0,1.0927405682129403,45021.84696792532,20861.79591240082,1417.7634578817385,1307.0593664069754
26,353,6.862817802988195,263910.3046892121,0,-10.524950779976002,0.7365999999999999,0.1458658977426231,0.47960509459003037,209.05718789821728,180.96280196334286,509.0,14.0,37614.59175650768,14223.347393572642,0.8366962127908468,1.0666666666666667,0.9447977932828413,1.0,1.1061708481465011,51895.30299527905,13909.830213726123,1482.0244655090294,1253.439311894487
26,322,6.038268038821379,269936.407114432,0,-16.972248311447746,0.7874,0.15450467296803264,0.528797323726574,205.98333996351005,168.87721823208977,570.0,11.0,44785.5607112571,17031.029698003575,0.7935292958576914,1.0833333333333333,0.9270581054572207,1.0,1.1078608961790124,87097.34479948913,11423.187648567182,1704.043604742342,1335.5474056869018
26,345,5.629839590163388,271196.6747500173,0,-6.833145884016542,0.7365999999999999,0.17295180742700678,0.4792699567889241,208.89717311835682,186.79361245458168,620.0,11.0,30880.36645816518,25111.40331025362,0.7234641208466821,1.0833333333333333,0.9090578299294505,1.0,1.048466399392413,31443.636267267164,26915.112101072395,1265.6576468061141,1335.9465670402844
26,305,6.660154042164647,273315.3834901233,0,-26.20968402198147,0.7874,0.2014267382492724,0.49098117375631656,227.19772713904337,173.15621848535287,570.0,13.0,42179.75195977799,18342.786660659054,0.793347417938298,1.0714285714285714,0.9395276612891077,1.0,1.0126336071012978,71039.10249999605,13200.35614891609,1624.252366563027,1279.4730389821577
26,297,6.9660899981542945,276090.7890240395,0,-18.411686182479272,0.7365999999999999,0.1445366295507402,0.47960509459003037,208.4509784723064,168.90700137107447,500.0,14.0,48084.9172341469,14223.347393572642,0.8379290047079424,1.0666666666666667,0.9447977932828413,1.0,1.1088789352591863,93267.84326078604,13906.942709052924,1803.7543409380582,1258.3592806627319
26,389,6.9660899981542945,278949.8309424759,0,-11.217424459573998,0.7365999999999999,0.14463906352883873,0.47960509459003037,212.20309608480792,182.59146343294017,509.0,14.0,35426.01957329094,14223.347393572642,0.836423043886329,1.0666666666666667,0.9447977932828413,1.0,1.10867069190467,39938.13284511048,13973.38229722155,1412.629194879859,1255.8618145872028
26,407,6.802464163198594,279133.0809289886,0,-29.32156059181456,0.7874,0.1981220859570001,0.49098117375631656,232.05234999657807,172.7588251462879,570.0,13.0,42179.75195977799,18342.786660659054,0.7924179194272687,1.0714285714285714,0.9395276612891077,1.0,1.0196970363753193,72097.65240193784,13295.8314695273,1624.252366563027,1286.8882475502228
26,481,5.629839590163388,279227.80966542923,0,-4.461115109831033,0.7365999999999999,0.19631342708665514,0.4749415941421484,208.89717311835682,190.84144438758338,620.0,11.0,29083.61929484692,25340.255155273724,0.7300594890331932,1.0833333333333333,0.9189067911409701,1.0,0.9953093066061136,23982.31394886828,26345.299504059305,1206.3936758204377,1300.8248620474933
26,275,6.660154042164647,283267.1666240423,0,-2.987739528660244,0.7874,0.2014267382492724,0.4714525530598376,212.58266866811076,196.85815222726347,400.0,14.0,42835.82841842838,32119.14322041755,0.7509029640261726,1.0666666666666667,0.9104468323430714,1.0,1.0162733214036352,29689.050283165405,20284.701760903063,1233.3243062758038,1155.236192966046
26,376,6.660154042164647,284561.1956305286,0,-2.9330610287076357,0.7874,0.2014267382492724,0.47924339970314317,212.58266866811076,196.95787985811762,400.0,13.0,42835.82841842838,31596.996604940654,0.7540996421600913,1.0714285714285714,0.9104468323430714,1.0,1.0162733214036352,29689.050283165405,18990.672754416737,1233.3243062758038,1153.7298591173994
26,358,6.660154042164647,284667.0435311764,0,-2.8809462695569437,0.7874,0.2014267382492724,0.4809321681582014,212.58266866811076,197.05302559818176,400.0,13.0,42835.82841842838,31486.045384219957,0.7547820088592285,1.0714285714285714,0.9104468323430714,1.0,1.0162733214036352,29689.050283165405,18884.824853768976,1233.3243062758038,1152.2963894878292
26,484,6.719721927336086,285522.51871965,0,-3.7099483959456165,0.7874,0.2014267382492724,0.47924339970314317,214.48399105742658,197.2993219316309,400.0,14.0,42835.82841842838,31596.996604940654,0.7540996421600913,1.0666666666666667,0.9104468323430714,1.0,1.0162733214036352,29853.86524769545,19765.85709008114,1233.3243062758038,1148.6021708546555
27,535,5.6487023588974195,214449.95435128614,0,-0.7074279255583598,0.7365999999999999,0.14403982868746457,0.4434511723480277,171.73438394694003,162.46198334130256,508.0,12.0,47327.67444305798,21758.070720410997,0.766685330442129,1.0769230769230769,0.9353237809222416,1.0,1.1098878530179177,78572.63536087009,24135.974956523998,1780.9938628430064,1399.4595709862601
27,498,5.641075861237999,237343.3349365132,0,-14.756167050331246,0.7365999999999999,0.1440377555664865,0.49396610400463886,200.53641088028948,167.45393228559814,594.0,11.0,42976.04310676186,24364.305732406032,0.7255247590580742,1.0833333333333333,0.9157846613433681,1.0,1.1098920595034796,77075.64624346705,28547.632187243325,1648.7371824045333,1402.6392163911094
27,398,5.629839590163388,238632.855765719,0,-11.947843126630232,0.7365999999999999,0.1853721765230228,0.4792699567889241,200.13696908436123,171.13352733462082,594.0,11.0,42976.04310676186,25111.40331025362,0.7334176441054323,1.0833333333333333,0.9137866018908068,1.0,1.0205570373923438,76972.23877705926,26755.262095701488,1648.7371824045333,1325.133042169342
27,417,5.905470966001616,242206.5659407665,0,-16.08870973034744,0.7365999999999999,0.1884075269829436,0.479603549613288,209.93547706338063,173.37328767552825,594.0,12.0,40475.51955736272,25093.936834117725,0.7346469867847647,1.0769230769230769,0.9137866018908068,1.0,1.0136124412260712,60637.39018457587,27749.77093803827,1571.5356478603373,1309.9647417823062
27,422,5.6487023588974195,242630.2054223376,0,-0.48787849323101806,0.7365999999999999,0.1440377555664865,0.4795379395656041,171.73438394694003,162.80011163364134,508.0,11.0,50251.51497129242,20120.706148376717,0.7809800368240267,1.0833333333333333,0.9353237809222416,1.0,1.1098920595034796,102958.58357608953,20341.672100691947,1868.4850116518016,1366.991343437827
27,538,5.661734819715913,243267.53918251808,0,-14.150898533511864,0.7365999999999999,0.14409038561774595,0.5402276770449563,201.27082280588564,168.92094418346085,594.0,10.0,42976.04310676186,22277.905577231217,0.7436805171044566,1.0909090909090908,0.9157846613433681,1.0,1.109785260553014,77265.77075547283,23547.9643788404,1648.7371824045333,1370.6763768058347
27,521,6.3050875932711055,243911.0255678323,0,-3.553496106780143,0.7874,0.15452491363654774,0.33396346358714396,201.24945133072825,185.39195746654391,400.0,18.0,42835.82841842838,45342.241665334535,0.6606672459393028,1.0526315789473684,0.9136446426602964,1.0,1.1118279210806223,28706.6372931495,49290.03846974645,1233.3243062758038,1359.283551207567
27,474,5.8352486643762544,246082.66252030683,0,-18.840676605598443,0.7365999999999999,0.1445366295507402,0.49414646383795763,207.43912199245048,167.5048357924369,594.0,11.0,42976.04310676186,24355.412939595797,0.7257622182635863,1.0833333333333333,0.9157846613433681,1.0,1.1088789352591863,78862.61965168221,28497.989123825835,1648.7371824045333,1401.5052003249705
27,270,6.367046260407246,248227.31966253987,0,-9.282822374560972,0.7365999999999999,0.1853160780643663,0.479603549613288,193.57379759448636,169.3813589587855,508.0,13.0,47327.67444305798,20117.953623940874,0.7929498274467331,1.0714285714285714,0.9344466662712846,1.0,1.0206849415888832,85122.64262506955,18748.030557016027,1780.9938628430064,1261.071749051484
27,537,6.218082537673544,251076.51158207588,0,-22.535893117457245,0.7365999999999999,0.1883030533196532,0.47879140720999974,221.04860585739348,173.32266270626533,594.0,12.0,40475.51955736272,25136.50203027942,0.7342656335842292,1.0769230769230769,0.9137866018908068,1.0,1.0138522446848883,62799.34066597829,27831.003609339314,1571.5356478603373,1310.9499801464085
27,378,6.880863182069336,254213.71941552678,0,-21.6401543371022,0.7365999999999999,0.1492583617082969,0.31241743367829594,221.54913098109608,174.94382578795395,538.0,22.0,33516.438592574515,30883.81418219126,0.689261286951885,1.0434782608695652,0.9228234636957594,1.0,1.0992036766470858,35772.313066053735,56715.81150048444,1351.3771861719395,1475.9884407195964
27,533,6.473060813396684,257083.50382344468,0,-27.75071889592563,0.7365999999999999,0.1853721765230228,0.4792699567889241,230.11291017163146,173.3421197907306,594.0,13.0,40475.51955736272,25111.40331025362,0.7334176441054323,1.0714285714285714,0.9137866018908068,1.0,1.0205570373923438,64562.71238954748,29124.943958639305,1571.5356478603373,1310.5711406070413
27,540,6.367046260407246,262213.1736744879,0,-6.555689694636559,0.7365999999999999,0.1853160780643663,0.4796036273154005,205.00532107447572,183.7694891543771,538.0,13.0,35587.03941275541,20117.950364567074,0.7869437886589112,1.0714285714285714,0.9344466662712846,1.0,1.0206849415888832,44441.866498327436,19008.530901660357,1417.7634578817385,1251.5198909309727
27,496,6.484267893577565,263554.214976765,0,-10.492364289012725,0.7365999999999999,0.15237173946870558,0.4792699567889241,208.7796078570911,180.773516190761,538.0,13.0,35587.03941275541,20131.95659841229,0.7770103428453723,1.0714285714285714,0.9228234636957594,1.0,1.0927405682129403,45021.84696792532,20861.79591240082,1417.7634578817385,1307.0593664069754
27,353,6.862817802988195,263910.3046892121,0,-10.524950779976002,0.7365999999999999,0.1458658977426231,0.47960509459003037,209.05718789821728,180.96280196334286,509.0,14.0,37614.59175650768,14223.347393572642,0.8366962127908468,1.0666666666666667,0.9447977932828413,1.0,1.1061708481465011,51895.30299527905,13909.830213726123,1482.0244655090294,1253.439311894487
27,322,6.038268038821379,269936.407114432,0,-16.972248311447746,0.7874,0.15450467296803264,0.528797323726574,205.98333996351005,168.87721823208977,570.0,11.0,44785.5607112571,17031.029698003575,0.7935292958576914,1.0833333333333333,0.9270581054572207,1.0,1.1078608961790124,87097.34479948913,11423.187648567182,1704.043604742342,1335.5474056869018
27,345,5.629839590163388,271196.6747500173,0,-6.833145884016542,0.7365999999999999,0.17295180742700678,0.4792699567889241,208.89717311835682,186.79361245458168,620.0,11.0,30880.36645816518,25111.40331025362,0.7234641208466821,1.0833333333333333,0.9090578299294505,1.0,1.048466399392413,31443.636267267164,26915.112101072395,1265.6576468061141,1335.9465670402844
27,305,6.660154042164647,273315.3834901233,0,-26.20968402198147,0.7874,0.2014267382492724,0.49098117375631656,227.19772713904337,173.15621848535287,570.0,13.0,42179.75195977799,18342.786660659054,0.793347417938298,1.0714285714285714,0.9395276612891077,1.0,1.0126336071012978,71039.10249999605,13200.35614891609,1624.252366563027,1279.4730389821577
27,297,6.9660899981542945,276090.7890240395,0,-18.411686182479272,0.7365999999999999,0.1445366295507402,0.47960509459003037,208.4509784723064,168.90700137107447,500.0,14.0,48084.9172341469,14223.347393572642,0.8379290047079424,1.0666666666666667,0.9447977932828413,1.0,1.1088789352591863,93267.84326078604,13906.942709052924,1803.7543409380582,1258.3592806627319
27,389,6.9660899981542945,278949.8309424759,0,-11.217424459573998,0.7365999999999999,0.14463906352883873,0.47960509459003037,212.20309608480792,182.59146343294017,509.0,14.0,35426.01957329094,14223.347393572642,0.836423043886329,1.0666666666666667,0.9447977932828413,1.0,1.10867069190467,39938.13284511048,13973.38229722155,1412.629194879859,1255.8618145872028
28,535,5.6487023588974195,214449.95435128614,0,-0.7074279255583598,0.7365999999999999,0.14403982868746457,0.4434511723480277,171.73438394694003,162.46198334130256,508.0,12.0,47327.67444305798,21758.070720410997,0.766685330442129,1.0769230769230769,0.9353237809222416,1.0,1.1098878530179177,78572.63536087009,24135.974956523998,1780.9938628430064,1399.4595709862601
28,559,5.640487593875264,233821.42208849482,0,-13.702442436731516,0.7365999999999999,0.14403974516287096,0.49396610400463886,200.5154983755718,168.92280753401238,594.0,11.0,40475.51955736272,24364.305732406032,0.7255254045619064,1.0833333333333333,0.9157846613433681,1.0,1.109888022494868,58804.82549137439,28547.500795702625,1571.5356478603373,1402.635362505915
28,498,5.641075861237999,237343.3349365132,0,-14.756167050331246,0.7365999999999999,0.1440377555664865,0.49396610400463886,200.53641088028948,167.45393228559814,594.0,11.0,42976.04310676186,24364.305732406032,0.7255247590580742,1.0833333333333333,0.9157846613433681,1.0,1.1098920595034796,77075.64624346705,28547.632187243325,1648.7371824045333,1402.6392163911094
28,398,5.629839590163388,238632.855765719,0,-11.947843126630232,0.7365999999999999,0.1853721765230228,0.4792699567889241,200.13696908436123,171.13352733462082,594.0,11.0,42976.04310676186,25111.40331025362,0.7334176441054323,1.0833333333333333,0.9137866018908068,1.0,1.0205570373923438,76972.23877705926,26755.262095701488,1648.7371824045333,1325.133042169342
28,417,5.905470966001616,242206.5659407665,0,-16.08870973034744,0.7365999999999999,0.1884075269829436,0.479603549613288,209.93547706338063,173.37328767552825,594.0,12.0,40475.51955736272,25093.936834117725,0.7346469867847647,1.0769230769230769,0.9137866018908068,1.0,1.0136124412260712,60637.39018457587,27749.77093803827,1571.5356478603373,1309.9647417823062
28,422,5.6487023588974195,242630.2054223376,0,-0.48787849323101806,0.7365999999999999,0.1440377555664865,0.4795379395656041,171.73438394694003,162.80011163364134,508.0,11.0,50251.51497129242,20120.706148376717,0.7809800368240267,1.0833333333333333,0.9353237809222416,1.0,1.1098920595034796,102958.58357608953,20341.672100691947,1868.4850116518016,1366.991343437827
28,538,5.661734819715913,243267.53918251808,0,-14.150898533511864,0.7365999999999999,0.14409038561774595,0.5402276770449563,201.27082280588564,168.92094418346085,594.0,10.0,42976.04310676186,22277.905577231217,0.7436805171044566,1.0909090909090908,0.9157846613433681,1.0,1.109785260553014,77265.77075547283,23547.9643788404,1648.7371824045333,1370.6763768058347
28,521,6.3050875932711055,243911.0255678323,0,-3.553496106780143,0.7874,0.15452491363654774,0.33396346358714396,201.24945133072825,185.39195746654391,400.0,18.0,42835.82841842838,45342.241665334535,0.6606672459393028,1.0526315789473684,0.9136446426602964,1.0,1.1118279210806223,28706.6372931495,49290.03846974645,1233.3243062758038,1359.283551207567
28,474,5.8352486643762544,246082.66252030683,0,-18.840676605598443,0.7365999999999999,0.1445366295507402,0.49414646383795763,207.43912199245048,167.5048357924369,594.0,11.0,42976.04310676186,24355.412939595797,0.7257622182635863,1.0833333333333333,0.9157846613433681,1.0,1.1088789352591863,78862.61965168221,28497.989123825835,1648.7371824045333,1401.5052003249705
28,270,6.367046260407246,248227.31966253987,0,-9.282822374560972,0.7365999999999999,0.1853160780643663,0.479603549613288,193.57379759448636,169.3813589587855,508.0,13.0,47327.67444305798,20117.953623940874,0.7929498274467331,1.0714285714285714,0.9344466662712846,1.0,1.0206849415888832,85122.64262506955,18748.030557016027,1780.9938628430064,1261.071749051484
28,537,6.218082537673544,251076.51158207588,0,-22.535893117457245,0.7365999999999999,0.1883030533196532,0.47879140720999974,221.04860585739348,173.32266270626533,594.0,12.0,40475.51955736272,25136.50203027942,0.7342656335842292,1.0769230769230769,0.9137866018908068,1.0,1.0138522446848883,62799.34066597829,27831.003609339314,1571.5356478603373,1310.9499801464085
28,378,6.880863182069336,254213.71941552678,0,-21.6401543371022,0.7365999999999999,0.1492583617082969,0.31241743367829594,221.54913098109608,174.94382578795395,538.0,22.0,33516.438592574515,30883.81418219126,0.689261286951885,1.0434782608695652,0.9228234636957594,1.0,1.0992036766470858,35772.313066053735,56715.81150048444,1351.3771861719395,1475.9884407195964
28,533,6.473060813396684,257083.50382344468,0,-27.75071889592563,0.7365999999999999,0.1853721765230228,0.4792699567889241,230.11291017163146,173.3421197907306,594.0,13.0,40475.51955736272,25111.40331025362,0.7334176441054323,1.0714285714285714,0.9137866018908068,1.0,1.0205570373923438,64562.71238954748,29124.943958639305,1571.5356478603373,1310.5711406070413
28,540,6.367046260407246,262213.1736744879,0,-6.555689694636559,0.7365999999999999,0.1853160780643663,0.4796036273154005,205.00532107447572,183.7694891543771,538.0,13.0,35587.03941275541,20117.950364567074,0.7869437886589112,1.0714285714285714,0.9344466662712846,1.0,1.0206849415888832,44441.866498327436,19008.530901660357,1417.7634578817385,1251.5198909309727
28,496,6.484267893577565,263554.214976765,0,-10.492364289012725,0.7365999999999999,0.15237173946870558,0.4792699567889241,208.7796078570911,180.773516190761,538.0,13.0,35587.03941275541,20131.95659841229,0.7770103428453723,1.0714285714285714,0.9228234636957594,1.0,1.0927405682129403,45021.84696792532,20861.79591240082,1417.7634578817385,1307.0593664069754
28,353,6.862817802988195,263910.3046892121,0,-10.524950779976002,0.7365999999999999,0.1458658977426231,0.47960509459003037,209.05718789821728,180.96280196334286,509.0,14.0,37614.59175650768,14223.347393572642,0.8366962127908468,1.0666666666666667,0.9447977932828413,1.0,1.1061708481465011,51895.30299527905,13909.830213726123,1482.0244655090294,1253.439311894487
28,322,6.038268038821379,269936.407114432,0,-16.972248311447746,0.7874,0.15450467296803264,0.528797323726574,205.98333996351005,168.87721823208977,570.0,11.0,44785.5607112571,17031.029698003575,0.7935292958576914,1.0833333333333333,0.9270581054572207,1.0,1.1078608961790124,87097.34479948913,11423.187648567182,1704.043604742342,1335.5474056869018
28,345,5.629839590163388,271196.6747500173,0,-6.833145884016542,0.7365999999999999,0.17295180742700678,0.4792699567889241,208.89717311835682,186.79361245458168,620.0,11.0,30880.36645816518,25111.40331025362,0.7234641208466821,1.0833333333333333,0.9090578299294505,1.0,1.048466399392413,31443.636267267164,26915.112101072395,1265.6576468061141,1335.9465670402844
28,305,6.660154042164647,273315.3834901233,0,-26.20968402198147,0.7874,0.2014267382492724,0.49098117375631656,227.19772713904337,173.15621848535287,570.0,13.0,42179.75195977799,18342.786660659054,0.793347417938298,1.0714285714285714,0.9395276612891077,1.0,1.0126336071012978,71039.10249999605,13200.35614891609,1624.252366563027,1279.4730389821577
28,297,6.9660899981542945,276090.7890240395,0,-18.411686182479272,0.7365999999999999,0.1445366295507402,0.47960509459003037,208.4509784723064,168.90700137107447,500.0,14.0,48084.9172341469,14223.347393572642,0.8379290047079424,1.0666666666666667,0.9447977932828413,1.0,1.1088789352591863,93267.84326078604,13906.942709052924,1803.7543409380582,1258.3592806627319
29,576,5.8352486643762544,211137.48512619938,0,-5.880237809798805,0.7365999999999999,0.1445296201621532,0.3804494920066205,177.40584843798797,159.99771640308487,508.0,15.0,47327.67444305798,25361.164022344517,0.7369596355585566,1.0625,0.9353237809222416,1.0,1.1088931822954942,80273.60289665312,34820.87620844171,1780.9938628430064,1456.3780172004424
29,535,5.6487023588974195,214449.95435128614,0,-0.7074279255583598,0.7365999999999999,0.14403982868746457,0.4434511723480277,171.73438394694003,162.46198334130256,508.0,12.0,47327.67444305798,21758.070720410997,0.766685330442129,1.0769230769230769,0.9353237809222416,1.0,1.1098878530179177,78572.63536087009,24135.974956523998,1780.9938628430064,1399.4595709862601
29,567,5.852473979256924,228206.81834692383,0,-6.771109802589983,0.7365999999999999,0.11410050561367281,0.4792537936490151,175.12750018777425,156.68404876455486,500.0,12.0,48084.9172341469,20132.635561490835,0.7744446338251907,1.0769230769230769,0.9353237809222416,1.0,1.1671764123367727,82824.32282803915,18023.91466888955,1803.7543409380582,1524.0014205893901
29,559,5.640487593875264,233821.42208849482,0,-13.702442436731516,0.7365999999999999,0.14403974516287096,0.49396610400463886,200.5154983755718,168.92280753401238,594.0,11.0,40475.51955736272,24364.305732406032,0.7255254045619064,1.0833333333333333,0.9157846613433681,1.0,1.109888022494868,58804.82549137439,28547.500795702625,1571.5356478603373,1402.635362505915
29,563,5.6613410368162915,236210.76883922695,0,-11.60152038967971,0.7365999999999999,0.1853721765230228,0.4792699567889241,201.2568240915803,172.602229729925,594.0,11.0,40475.51955736272,25111.40331025362,0.7334176441054323,1.0833333333333333,0.9137866018908068,1.0,1.0205570373923438,58949.04315665187,26755.262095701488,1571.5356478603373,1325.133042169342
29,498,5.641075861237999,237343.3349365132,0,-14.756167050331246,0.7365999999999999,0.1440377555664865,0.49396610400463886,200.53641088028948,167.45393228559814,594.0,11.0,42976.04310676186,24364.305732406032,0.7255247590580742,1.0833333333333333,0.9157846613433681,1.0,1.1098920595034796,77075.64624346705,28547.632187243325,1648.7371824045333,1402.6392163911094
29,571,5.903756053617,237667.25247465193,0,-19.43709521437234,0.7365999999999999,0.14069520739280716,0.4789951241970627,209.87451309426473,168.6591226938448,594.0,12.0,40475.51955736272,25125.811457035074,0.7180147807157886,1.0769230769230769,0.9118510540021287,1.0,1.1166342166625478,60625.53024082634,32239.980378786466,1571.5356478603373,1408.5391358806464
29,398,5.629839590163388,238632.855765719,0,-11.947843126630232,0.7365999999999999,0.1853721765230228,0.4792699567889241,200.13696908436123,171.13352733462082,594.0,11.0,42976.04310676186,25111.40331025362,0.7334176441054323,1.0833333333333333,0.9137866018908068,1.0,1.0205570373923438,76972.23877705926,26755.262095701488,1648.7371824045333,1325.133042169342
29,417,5.905470966001616,242206.5659407665,0,-16.08870973034744,0.7365999999999999,0.1884075269829436,0.479603549613288,209.93547706338063,173.37328767552825,594.0,12.0,40475.51955736272,25093.936834117725,0.7346469867847647,1.0769230769230769,0.9137866018908068,1.0,1.0136124412260712,60637.39018457587,27749.77093803827,1571.5356478603373,1309.9647417823062
29,422,5.6487023588974195,242630.2054223376,0,-0.48787849323101806,0.7365999999999999,0.1440377555664865,0.4795379395656041,171.73438394694003,162.80011163364134,508.0,11.0,50251.51497129242,20120.706148376717,0.7809800368240267,1.0833333333333333,0.9353237809222416,1.0,1.1098920595034796,102958.58357608953,20341.672100691947,1868.4850116518016,1366.991343437827
29,538,5.661734819715913,243267.53918251808,0,-14.150898533511864,0.7365999999999999,0.14409038561774595,0.5402276770449563,201.27082280588564,168.92094418346085,594.0,10.0,42976.04310676186,22277.905577231217,0.7436805171044566,1.0909090909090908,0.9157846613433681,1.0,1.109785260553014,77265.77075547283,23547.9643788404,1648.7371824045333,1370.6763768058347
29,521,6.3050875932711055,243911.0255678323,0,-3.553496106780143,0.7874,0.15452491363654774,0.33396346358714396,201.24945133072825,185.39195746654391,400.0,18.0,42835.82841842838,45342.241665334535,0.6606672459393028,1.0526315789473684,0.9136446426602964,1.0,1.1118279210806223,28706.6372931495,49290.03846974645,1233.3243062758038,1359.283551207567
29,474,5.8352486643762544,246082.66252030683,0,-18.840676605598443,0.7365999999999999,0.1445366295507402,0.49414646383795763,207.43912199245048,167.5048357924369,594.0,11.0,42976.04310676186,24355.412939595797,0.7257622182635863,1.0833333333333333,0.9157846613433681,1.0,1.1088789352591863,78862.61965168221,28497.989123825835,1648.7371824045333,1401.5052003249705
29,270,6.367046260407246,248227.31966253987,0,-9.282822374560972,0.7365999999999999,0.1853160780643663,0.479603549613288,193.57379759448636,169.3813589587855,508.0,13.0,47327.67444305798,20117.953623940874,0.7929498274467331,1.0714285714285714,0.9344466662712846,1.0,1.0206849415888832,85122.64262506955,18748.030557016027,1780.9938628430064,1261.071749051484
29,564,5.648944503658407,248907.17635486176,0,-1.722136222419775,0.7365999999999999,0.14194651836287317,0.49396610400463886,169.0371513195128,158.3899622916301,500.0,11.0,51055.53921083309,19533.00416926369,0.787315388188437,1.0833333333333333,0.9302700510249621,1.0,1.1141196654284364,106026.53772758019,14435.422692231201,1892.3635960006247,1452.8375533741857
29,537,6.218082537673544,251076.51158207588,0,-22.535893117457245,0.7365999999999999,0.1883030533196532,0.47879140720999974,221.04860585739348,173.32266270626533,594.0,12.0,40475.51955736272,25136.50203027942,0.7342656335842292,1.0769230769230769,0.9137866018908068,1.0,1.0138522446848883,62799.34066597829,27831.003609339314,1571.5356478603373,1310.9499801464085
29,378,6.880863182069336,254213.71941552678,0,-21.6401543371022,0.7365999999999999,0.1492583617082969,0.31241743367829594,221.54913098109608,174.94382578795395,538.0,22.0,33516.438592574515,30883.81418219126,0.689261286951885,1.0434782608695652,0.9228234636957594,1.0,1.0992036766470858,35772.313066053735,56715.81150048444,1351.3771861719395,1475.9884407195964
29,533,6.473060813396684,257083.50382344468,0,-27.75071889592563,0.7365999999999999,0.1853721765230228,0.4792699567889241,230.11291017163146,173.3421197907306,594.0,13.0,40475.51955736272,25111.40331025362,0.7334176441054323,1.0714285714285714,0.9137866018908068,1.0,1.0205570373923438,64562.71238954748,29124.943958639305,1571.5356478603373,1310.5711406070413
29,540,6.367046260407246,262213.1736744879,0,-6.555689694636559,0.7365999999999999,0.1853160780643663,0.4796036273154005,205.00532107447572,183.7694891543771,538.0,13.0,35587.03941275541,20117.950364567074,0.7869437886589112,1.0714285714285714,0.9344466662712846,1.0,1.0206849415888832,44441.866498327436,19008.530901660357,1417.7634578817385,1251.5198909309727
29,496,6.484267893577565,263554.214976765,0,-10.492364289012725,0.7365999999999999,0.15237173946870558,0.4792699567889241,208.7796078570911,180.773516190761,538.0,13.0,35587.03941275541,20131.95659841229,0.7770103428453723,1.0714285714285714,0.9228234636957594,1.0,1.0927405682129403,45021.84696792532,20861.79591240082,1417.7634578817385,1307.0593664069754
30,576,5.8352486643762544,211137.48512619938,0,-5.880237809798805,0.7365999999999999,0.1445296201621532,0.3804494920066205,177.40584843798797,159.99771640308487,508.0,15.0,47327.67444305798,25361.164022344517,0.7369596355585566,1.0625,0.9353237809222416,1.0,1.1088931822954942,80273.60289665312,34820.87620844171,1780.9938628430064,1456.3780172004424
30,535,5.6487023588974195,214449.95435128614,0,-0.7074279255583598,0.7365999999999999,0.14403982868746457,0.4434511723480277,171.73438394694003,162.46198334130256,508.0,12.0,47327.67444305798,21758.070720410997,0.766685330442129,1.0769230769230769,0.9353237809222416,1.0,1.1098878530179177,78572.63536087009,24135.974956523998,1780.9938628430064,1399.4595709862601
30,567,5.852473979256924,228206.81834692383,0,-6.771109802589983,0.7365999999999999,0.11410050561367281,0.4792537936490151,175.12750018777425,156.68404876455486,500.0,12.0,48084.9172341469,20132.635561490835,0.7744446338251907,1.0769230769230769,0.9353237809222416,1.0,1.1671764123367727,82824.32282803915,18023.91466888955,1803.7543409380582,1524.0014205893901
30,559,5.640487593875264,233821.42208849482,0,-13.702442436731516,0.7365999999999999,0.14403974516287096,0.49396610400463886,200.5154983755718,168.92280753401238,594.0,11.0,40475.51955736272,24364.305732406032,0.7255254045619064,1.0833333333333333,0.9157846613433681,1.0,1.109888022494868,58804.82549137439,28547.500795702625,1571.5356478603373,1402.635362505915
30,563,5.6613410368162915,236210.76883922695,0,-11.60152038967971,0.7365999999999999,0.1853721765230228,0.4792699567889241,201.2568240915803,172.602229729925,594.0,11.0,40475.51955736272,25111.40331025362,0.7334176441054323,1.0833333333333333,0.9137866018908068,1.0,1.0205570373923438,58949.04315665187,26755.262095701488,1571.5356478603373,1325.133042169342
30,498,5.641075861237999,237343.3349365132,0,-14.756167050331246,0.7365999999999999,0.1440377555664865,0.49396610400463886,200.53641088028948,167.45393228559814,594.0,11.0,42976.04310676186,24364.305732406032,0.7255247590580742,1.0833333333333333,0.9157846613433681,1.0,1.1098920595034796,77075.64624346705,28547.632187243325,1648.7371824045333,1402.6392163911094
30,571,5.903756053617,237667.25247465193,0,-19.43709521437234,0.7365999999999999,0.14069520739280716,0.4789951241970627,209.87451309426473,168.6591226938448,594.0,12.0,40475.51955736272,25125.811457035074,0.7180147807157886,1.0769230769230769,0.9118510540021287,1.0,1.1166342166625478,60625.53024082634,32239.980378786466,1571.5356478603373,1408.5391358806464
30,398,5.629839590163388,238632.855765719,0,-11.947843126630232,0.7365999999999999,0.1853721765230228,0.4792699567889241,200.13696908436123,171.13352733462082,594.0,11.0,42976.04310676186,25111.40331025362,0.7334176441054323,1.0833333333333333,0.9137866018908068,1.0,1.0205570373923438,76972.23877705926,26755.262095701488,1648.7371824045333,1325.133042169342
30,417,5.905470966001616,242206.5659407665,0,-16.08870973034744,0.7365999999999999,0.1884075269829436,0.479603549613288,209.93547706338063,173.37328767552825,594.0,12.0,40475.51955736272,25093.936834117725,0.7346469867847647,1.0769230769230769,0.9137866018908068,1.0,1.0136124412260712,60637.39018457587,27749.77093803827,1571.5356478603373,1309.9647417823062
30,422,5.6487023588974195,242630.2054223376,0,-0.48787849323101806,0.7365999999999999,0.1440377555664865,0.4795379395656041,171.73438394694003,162.80011163364134,508.0,11.0,50251.51497129242,20120.706148376717,0.7809800368240267,1.0833333333333333,0.9353237809222416,1.0,1.1098920595034796,102958.58357608953,20341.672100691947,1868.4850116518016,1366.991343437827
30,538,5.661734819715913,243267.53918251808,0,-14.150898533511864,0.7365999999999999,0.14409038561774595,0.5402276770449563,201.27082280588564,168.92094418346085,594.0,10.0,42976.04310676186,22277.905577231217,0.7436805171044566,1.0909090909090908,0.9157846613433681,1.0,1.109785260553014,77265.77075547283,23547.9643788404,1648.7371824045333,1370.6763768058347
30,521,6.3050875932711055,243911.0255678323,0,-3.553496106780143,0.7874,0.15452491363654774,0.33396346358714396,201.24945133072825,185.39195746654391,400.0,18.0,42835.82841842838,45342.241665334535,0.6606672459393028,1.0526315789473684,0.9136446426602964,1.0,1.1118279210806223,28706.6372931495,49290.03846974645,1233.3243062758038,1359.283551207567
30,474,5.8352486643762544,246082.66252030683,0,-18.840676605598443,0.7365999999999999,0.1445366295507402,0.49414646383795763,207.43912199245048,167.5048357924369,594.0,11.0,42976.04310676186,24355.412939595797,0.7257622182635863,1.0833333333333333,0.9157846613433681,1.0,1.1088789352591863,78862.61965168221,28497.989123825835,1648.7371824045333,1401.5052003249705
30,270,6.367046260407246,248227.31966253987,0,-9.282822374560972,0.7365999999999999,0.1853160780643663,0.479603549613288,193.57379759448636,169.3813589587855,508.0,13.0,47327.67444305798,20117.953623940874,0.7929498274467331,1.0714285714285714,0.9344466662712846,1.0,1.0206849415888832,85122.64262506955,18748.030557016027,1780.9938628430064,1261.071749051484
30,564,5.648944503658407,248907.17635486176,0,-1.722136222419775,0.7365999999999999,0.14194651836287317,0.49396610400463886,169.0371513195128,158.3899622916301,500.0,11.0,51055.53921083309,19533.00416926369,0.787315388188437,1.0833333333333333,0.9302700510249621,1.0,1.1141196654284364,106026.53772758019,14435.422692231201,1892.3635960006247,1452.8375533741857
30,597,5.903756053617,250877.1888663641,0,-17.58637797932973,0.7365999999999999,0.18268205512241126,0.4789951241970627,209.87451309426473,171.2054116890976,594.0,12.0,42976.04310676186,25125.811457035074,0.732341541653786,1.0769230769230769,0.9137866018908068,1.0,1.0266720982164106,79493.09354329252,26769.327771193126,1648.7371824045333,1323.704096925142
30,537,6.218082537673544,251076.51158207588,0,-22.535893117457245,0.7365999999999999,0.1883030533196532,0.47879140720999974,221.04860585739348,173.32266270626533,594.0,12.0,40475.51955736272,25136.50203027942,0.7342656335842292,1.0769230769230769,0.9137866018908068,1.0,1.0138522446848883,62799.34066597829,27831.003609339314,1571.5356478603373,1310.9499801464085
30,378,6.880863182069336,254213.71941552678,0,-21.6401543371022,0.7365999999999999,0.1492583617082969,0.31241743367829594,221.54913098109608,174.94382578795395,538.0,22.0,33516.438592574515,30883.81418219126,0.689261286951885,1.0434782608695652,0.9228234636957594,1.0,1.0992036766470858,35772.313066053735,56715.81150048444,1351.3771861719395,1475.9884407195964
30,533,6.473060813396684,257083.50382344468,0,-27.75071889592563,0.7365999999999999,0.1853721765230228,0.4792699567889241,230.11291017163146,173.3421197907306,594.0,13.0,40475.51955736272,25111.40331025362,0.7334176441054323,1.0714285714285714,0.9137866018908068,1.0,1.0205570373923438,64562.71238954748,29124.943958639305,1571.5356478603373,1310.5711406070413
30,596,7.085458082782815,257132.59856297658,0,-43.58507423572818,0.7365999999999999,0.1853160780643663,0.3740048161628334,251.8832166621797,169.52121063154058,594.0,18.0,40475.51955736272,32179.107485542816,0.6801498533084012,1.0526315789473684,0.9137866018908068,1.0,1.0206849415888832,68797.91252714291,51827.44062634603,1571.5356478603373,1389.419279681456
31,576,5.8352486643762544,211137.48512619938,0,-5.880237809798805,0.7365999999999999,0.1445296201621532,0.3804494920066205,177.40584843798797,159.99771640308487,508.0,15.0,47327.67444305798,25361.164022344517,0.7369596355585566,1.0625,0.9353237809222416,1.0,1.1088931822954942,80273.60289665312,34820.87620844171,1780.9938628430064,1456.3780172004424
31,535,5.6487023588974195,214449.95435128614,0,-0.7074279255583598,0.7365999999999999,0.14403982868746457,0.4434511723480277,171.73438394694003,162.46198334130256,508.0,12.0,47327.67444305798,21758.070720410997,0.766685330442129,1.0769230769230769,0.9353237809222416,1.0,1.1098878530179177,78572.63536087009,24135.974956523998,1780.9938628430064,1399.4595709862601
31,567,5.852473979256924,228206.81834692383,0,-6.771109802589983,0.7365999999999999,0.11410050561367281,0.4792537936490151,175.12750018777425,156.68404876455486,500.0,12.0,48084.9172341469,20132.635561490835,0.7744446338251907,1.0769230769230769,0.9353237809222416,1.0,1.1671764123367727,82824.32282803915,18023.91466888955,1803.7543409380582,1524.0014205893901
31,559,5.640487593875264,233821.42208849482,0,-13.702442436731516,0.7365999999999999,0.14403974516287096,0.49396610400463886,200.5154983755718,168.92280753401238,594.0,11.0,40475.51955736272,24364.305732406032,0.7255254045619064,1.0833333333333333,0.9157846613433681,1.0,1.109888022494868,58804.82549137439,28547.500795702625,1571.5356478603373,1402.635362505915
31,563,5.6613410368162915,236210.76883922695,0,-11.60152038967971,0.7365999999999999,0.1853721765230228,0.4792699567889241,201.2568240915803,172.602229729925,594.0,11.0,40475.51955736272,25111.40331025362,0.7334176441054323,1.0833333333333333,0.9137866018908068,1.0,1.0205570373923438,58949.04315665187,26755.262095701488,1571.5356478603373,1325.133042169342
31,498,5.641075861237999,237343.3349365132,0,-14.756167050331246,0.7365999999999999,0.1440377555664865,0.49396610400463886,200.53641088028948,167.45393228559814,594.0,11.0,42976.04310676186,24364.305732406032,0.7255247590580742,1.0833333333333333,0.9157846613433681,1.0,1.1098920595034796,77075.64624346705,28547.632187243325,1648.7371824045333,1402.6392163911094
31,571,5.903756053617,237667.25247465193,0,-19.43709521437234,0.7365999999999999,0.14069520739280716,0.4789951241970627,209.87451309426473,168.6591226938448,594.0,12.0,40475.51955736272,25125.811457035074,0.7180147807157886,1.0769230769230769,0.9118510540021287,1.0,1.1166342166625478,60625.53024082634,32239.980378786466,1571.5356478603373,1408.5391358806464
31,398,5.629839590163388,238632.855765719,0,-11.947843126630232,0.7365999999999999,0.1853721765230228,0.4792699567889241,200.13696908436123,171.13352733462082,594.0,11.0,42976.04310676186,25111.40331025362,0.7334176441054323,1.0833333333333333,0.9137866018908068,1.0,1.0205570373923438,76972.23877705926,26755.262095701488,1648.7371824045333,1325.133042169342
31,417,5.905470966001616,242206.5659407665,0,-16.08870973034744,0.7365999999999999,0.1884075269829436,0.479603549613288,209.93547706338063,173.37328767552825,594.0,12.0,40475.51955736272,25093.936834117725,0.7346469867847647,1.0769230769230769,0.9137866018908068,1.0,1.0136124412260712,60637.39018457587,27749.77093803827,1571.5356478603373,1309.9647417823062
31,422,5.6487023588974195,242630.2054223376,0,-0.48787849323101806,0.7365999999999999,0.1440377555664865,0.4795379395656041,171.73438394694003,162.80011163364134,508.0,11.0,50251.51497129242,20120.706148376717,0.7809800368240267,1.0833333333333333,0.9353237809222416,1.0,1.1098920595034796,102958.58357608953,20341.672100691947,1868.4850116518016,1366.991343437827
31,538,5.661734819715913,243267.53918251808,0,-14.150898533511864,0.7365999999999999,0.14409038561774595,0.5402276770449563,201.27082280588564,168.92094418346085,594.0,10.0,42976.04310676186,22277.905577231217,0.7436805171044566,1.0909090909090908,0.9157846613433681,1.0,1.109785260553014,77265.77075547283,23547.9643788404,1648.7371824045333,1370.6763768058347
31,602,6.3050875932711055,243723.99650848698,0,-3.6348790798238273,0.7874,0.15272073466421246,0.33396346358714396,201.24945133072825,185.25307252641406,400.0,18.0,42835.82841842838,45342.241665334535,0.660050316010757,1.0526315789473684,0.9136446426602964,1.0,1.1152531091591813,28706.6372931495,49477.06752909178,1233.3243062758038,1362.1978644285493
31,521,6.3050875932711055,243911.0255678323,0,-3.553496106780143,0.7874,0.15452491363654774,0.33396346358714396,201.24945133072825,185.39195746654391,400.0,18.0,42835.82841842838,45342.241665334535,0.6606672459393028,1.0526315789473684,0.9136446426602964,1.0,1.1118279210806223,28706.6372931495,49290.03846974645,1233.3243062758038,1359.283551207567
31,474,5.8352486643762544,246082.66252030683,0,-18.840676605598443,0.7365999999999999,0.1445366295507402,0.49414646383795763,207.43912199245048,167.5048357924369,594.0,11.0,42976.04310676186,24355.412939595797,0.7257622182635863,1.0833333333333333,0.9157846613433681,1.0,1.1088789352591863,78862.61965168221,28497.989123825835,1648.7371824045333,1401.5052003249705
31,270,6.367046260407246,248227.31966253987,0,-9.282822374560972,0.7365999999999999,0.1853160780643663,0.479603549613288,193.57379759448636,169.3813589587855,508.0,13.0,47327.67444305798,20117.953623940874,0.7929498274467331,1.0714285714285714,0.9344466662712846,1.0,1.0206849415888832,85122.64262506955,18748.030557016027,1780.9938628430064,1261.071749051484
31,564,5.648944503658407,248907.17635486176,0,-1.722136222419775,0.7365999999999999,0.14194651836287317,0.49396610400463886,169.0371513195128,158.3899622916301,500.0,11.0,51055.53921083309,19533.00416926369,0.787315388188437,1.0833333333333333,0.9302700510249621,1.0,1.1141196654284364,106026.53772758019,14435.422692231201,1892.3635960006247,1452.8375533741857
31,597,5.903756053617,250877.1888663641,0,-17.58637797932973,0.7365999999999999,0.18268205512241126,0.4789951241970627,209.87451309426473,171.2054116890976,594.0,12.0,42976.04310676186,25125.811457035074,0.732341541653786,1.0769230769230769,0.9137866018908068,1.0,1.0266720982164106,79493.09354329252,26769.327771193126,1648.7371824045333,1323.704096925142
31,537,6.218082537673544,251076.51158207588,0,-22.535893117457245,0.7365999999999999,0.1883030533196532,0.47879140720999974,221.04860585739348,173.32266270626533,594.0,12.0,40475.51955736272,25136.50203027942,0.7342656335842292,1.0769230769230769,0.9137866018908068,1.0,1.0138522446848883,62799.34066597829,27831.003609339314,1571.5356478603373,1310.9499801464085
31,378,6.880863182069336,254213.71941552678,0,-21.6401543371022,0.7365999999999999,0.1492583617082969,0.31241743367829594,221.54913098109608,174.94382578795395,538.0,22.0,33516.438592574515,30883.81418219126,0.689261286951885,1.0434782608695652,0.9228234636957594,1.0,1.0992036766470858,35772.313066053735,56715.81150048444,1351.3771861719395,1475.9884407195964
31,533,6.473060813396684,257083.50382344468,0,-27.75071889592563,0.7365999999999999,0.1853721765230228,0.4792699567889241,230.11291017163146,173.3421197907306,594.0,13.0,40475.51955736272,25111.40331025362,0.7334176441054323,1.0714285714285714,0.9137866018908068,1.0,1.0205570373923438,64562.71238954748,29124.943958639305,1571.5356478603373,1310.5711406070413
32,576,5.8352486643762544,211137.48512619938,0,-5.880237809798805,0.7365999999999999,0.1445296201621532,0.3804494920066205,177.40584843798797,159.99771640308487,508.0,15.0,47327.67444305798,25361.164022344517,0.7369596355585566,1.0625,0.9353237809222416,1.0,1.1088931822954942,80273.60289665312,34820.87620844171,1780.9938628430064,1456.3780172004424
32,535,5.6487023588974195,214449.95435128614,0,-0.7074279255583598,0.7365999999999999,0.14403982868746457,0.4434511723480277,171.73438394694003,162.46198334130256,508.0,12.0,47327.67444305798,21758.070720410997,0.766685330442129,1.0769230769230769,0.9353237809222416,1.0,1.1098878530179177,78572.63536087009,24135.974956523998,1780.9938628430064,1399.4595709862601
32,637,5.5283420925192805,216357.59762021044,0,-0.806889428495702,0.7365999999999999,0.11421448616843591,0.4792537936490151,165.4282845643128,156.34925613809793,500.0,11.0,48084.9172341469,20132.635561490835,0.7744747495683301,1.0833333333333333,0.9353237809222416,1.0,1.1669725781909424,79784.60543478446,17134.202378886854,1803.7543409380582,1532.8647298232795
32,639,5.6487023588974195,227005.14185242582,0,-16.406489314824537,0.7365999999999999,0.1440377555664865,0.42825303806573806,200.80752768598893,165.4009837688874,594.0,13.0,42976.04310676186,28102.874024601944,0.6950484029463053,1.0714285714285714,0.9157846613433681,1.0,1.1098920595034796,77145.83294466793,39227.12877823101,1648.7371824045333,1449.9553757729425
32,567,5.852473979256924,228206.81834692383,0,-6.771109802589983,0.7365999999999999,0.11410050561367281,0.4792537936490151,175.12750018777425,156.68404876455486,500.0,12.0,48084.9172341469,20132.635561490835,0.7744446338251907,1.0769230769230769,0.9353237809222416,1.0,1.1671764123367727,82824.32282803915,18023.91466888955,1803.7543409380582,1524.0014205893901
32,559,5.640487593875264,233821.42208849482,0,-13.702442436731516,0.7365999999999999,0.14403974516287096,0.49396610400463886,200.5154983755718,168.92280753401238,594.0,11.0,40475.51955736272,24364.305732406032,0.7255254045619064,1.0833333333333333,0.9157846613433681,1.0,1.109888022494868,58804.82549137439,28547.500795702625,1571.5356478603373,1402.635362505915
32,563,5.6613410368162915,236210.76883922695,0,-11.60152038967971,0.7365999999999999,0.1853721765230228,0.4792699567889241,201.2568240915803,172.602229729925,594.0,11.0,40475.51955736272,25111.40331025362,0.7334176441054323,1.0833333333333333,0.9137866018908068,1.0,1.0205570373923438,58949.04315665187,26755.262095701488,1571.5356478603373,1325.133042169342
32,498,5.641075861237999,237343.3349365132,0,-14.756167050331246,0.7365999999999999,0.1440377555664865,0.49396610400463886,200.53641088028948,167.45393228559814,594.0,11.0,42976.04310676186,24364.305732406032,0.7255247590580742,1.0833333333333333,0.9157846613433681,1.0,1.1098920595034796,77075.64624346705,28547.632187243325,1648.7371824045333,1402.6392163911094
32,571,5.903756053617,237667.25247465193,0,-19.43709521437234,0.7365999999999999,0.14069520739280716,0.4789951241970627,209.87451309426473,168.6591226938448,594.0,12.0,40475.51955736272,25125.811457035074,0.7180147807157886,1.0769230769230769,0.9118510540021287,1.0,1.1166342166625478,60625.53024082634,32239.980378786466,1571.5356478603373,1408.5391358806464
32,398,5.629839590163388,238632.855765719,0,-11.947843126630232,0.7365999999999999,0.1853721765230228,0.4792699567889241,200.13696908436123,171.13352733462082,594.0,11.0,42976.04310676186,25111.40331025362,0.7334176441054323,1.0833333333333333,0.9137866018908068,1.0,1.0205570373923438,76972.23877705926,26755.262095701488,1648.7371824045333,1325.133042169342
32,626,5.905470966001616,241579.35502299303,0,-19.078606064951405,0.7365999999999999,0.1473593411291863,0.4934998802306991,209.93547706338063,169.19554766233088,594.0,11.0,40475.51955736272,24387.3234047967,0.7264111634975674,1.0833333333333333,0.9157846613433681,1.0,1.103113536676257,60637.39018457587,28376.98185581175,1571.5356478603373,1396.5806898063634
32,417,5.905470966001616,242206.5659407665,0,-16.08870973034744,0.7365999999999999,0.1884075269829436,0.479603549613288,209.93547706338063,173.37328767552825,594.0,12.0,40475.51955736272,25093.936834117725,0.7346469867847647,1.0769230769230769,0.9137866018908068,1.0,1.0136124412260712,60637.39018457587,27749.77093803827,1571.5356478603373,1309.9647417823062
32,422,5.6487023588974195,242630.2054223376,0,-0.48787849323101806,0.7365999999999999,0.1440377555664865,0.4795379395656041,171.73438394694003,162.80011163364134,508.0,11.0,50251.51497129242,20120.706148376717,0.7809800368240267,1.0833333333333333,0.9353237809222416,1.0,1.1098920595034796,102958.58357608953,20341.672100691947,1868.4850116518016,1366.991343437827
32,538,5.661734819715913,243267.53918251808,0,-14.150898533511864,0.7365999999999999,0.14409038561774595,0.5402276770449563,201.27082280588564,168.92094418346085,594.0,10.0,42976.04310676186,22277.905577231217,0.7436805171044566,1.0909090909090908,0.9157846613433681,1.0,1.109785260553014,77265.77075547283,23547.9643788404,1648.7371824045333,1370.6763768058347
32,602,6.3050875932711055,243723.99650848698,0,-3.6348790798238273,0.7874,0.15272073466421246,0.33396346358714396,201.24945133072825,185.25307252641406,400.0,18.0,42835.82841842838,45342.241665334535,0.660050316010757,1.0526315789473684,0.9136446426602964,1.0,1.1152531091591813,28706.6372931495,49477.06752909178,1233.3243062758038,1362.1978644285493
32,521,6.3050875932711055,243911.0255678323,0,-3.553496106780143,0.7874,0.15452491363654774,0.33396346358714396,201.24945133072825,185.39195746654391,400.0,18.0,42835.82841842838,45342.241665334535,0.6606672459393028,1.0526315789473684,0.9136446426602964,1.0,1.1118279210806223,28706.6372931495,49290.03846974645,1233.3243062758038,1359.283551207567
32,474,5.8352486643762544,246082.66252030683,0,-18.840676605598443,0.7365999999999999,0.1445366295507402,0.49414646383795763,207.43912199245048,167.5048357924369,594.0,11.0,42976.04310676186,24355.412939595797,0.7257622182635863,1.0833333333333333,0.9157846613433681,1.0,1.1088789352591863,78862.61965168221,28497.989123825835,1648.7371824045333,1401.5052003249705
32,270,6.367046260407246,248227.31966253987,0,-9.282822374560972,0.7365999999999999,0.1853160780643663,0.479603549613288,193.57379759448636,169.3813589587855,508.0,13.0,47327.67444305798,20117.953623940874,0.7929498274467331,1.0714285714285714,0.9344466662712846,1.0,1.0206849415888832,85122.64262506955,18748.030557016027,1780.9938628430064,1261.071749051484
32,564,5.648944503658407,248907.17635486176,0,-1.722136222419775,0.7365999999999999,0.14194651836287317,0.49396610400463886,169.0371513195128,158.3899622916301,500.0,11.0,51055.53921083309,19533.00416926369,0.787315388188437,1.0833333333333333,0.9302700510249621,1.0,1.1141196654284364,106026.53772758019,14435.422692231201,1892.3635960006247,1452.8375533741857
32,597,5.903756053617,250877.1888663641,0,-17.58637797932973,0.7365999999999999,0.18268205512241126,0.4789951241970627,209.87451309426473,171.2054116890976,594.0,12.0,42976.04310676186,25125.811457035074,0.732341541653786,1.0769230769230769,0.9137866018908068,1.0,1.0266720982164106,79493.09354329252,26769.327771193126,1648.7371824045333,1323.704096925142
33,576,5.8352486643762544,211137.48512619938,0,-5.880237809798805,0.7365999999999999,0.1445296201621532,0.3804494920066205,177.40584843798797,159.99771640308487,508.0,15.0,47327.67444305798,25361.164022344517,0.7369596355585566,1.0625,0.9353237809222416,1.0,1.1088931822954942,80273.60289665312,34820.87620844171,1780.9938628430064,1456.3780172004424
33,535,5.6487023588974195,214449.95435128614,0,-0.7074279255583598,0.7365999999999999,0.14403982868746457,0.4434511723480277,171.73438394694003,162.46198334130256,508.0,12.0,47327.67444305798,21758.070720410997,0.766685330442129,1.0769230769230769,0.9353237809222416,1.0,1.1098878530179177,78572.63536087009,24135.974956523998,1780.9938628430064,1399.4595709862601
33,637,5.5283420925192805,216357.59762021044,0,-0.806889428495702,0.7365999999999999,0.11421448616843591,0.4792537936490151,165.4282845643128,156.34925613809793,500.0,11.0,48084.9172341469,20132.635561490835,0.7744747495683301,1.0833333333333333,0.9353237809222416,1.0,1.1669725781909424,79784.60543478446,17134.202378886854,1803.7543409380582,1532.8647298232795
33,639,5.6487023588974195,227005.14185242582,0,-16.406489314824537,0.7365999999999999,0.1440377555664865,0.42825303806573806,200.80752768598893,165.4009837688874,594.0,13.0,42976.04310676186,28102.874024601944,0.6950484029463053,1.0714285714285714,0.9157846613433681,1.0,1.1098920595034796,77145.83294466793,39227.12877823101,1648.7371824045333,1449.9553757729425
33,567,5.852473979256924,228206.81834692383,0,-6.771109802589983,0.7365999999999999,0.11410050561367281,0.4792537936490151,175.12750018777425,156.68404876455486,500.0,12.0,48084.9172341469,20132.635561490835,0.7744446338251907,1.0769230769230769,0.9353237809222416,1.0,1.1671764123367727,82824.32282803915,18023.91466888955,1803.7543409380582,1524.0014205893901
33,559,5.640487593875264,233821.42208849482,0,-13.702442436731516,0.7365999999999999,0.14403974516287096,0.49396610400463886,200.5154983755718,168.92280753401238,594.0,11.0,40475.51955736272,24364.305732406032,0.7255254045619064,1.0833333333333333,0.9157846613433681,1.0,1.109888022494868,58804.82549137439,28547.500795702625,1571.5356478603373,1402.635362505915
33,563,5.6613410368162915,236210.76883922695,0,-11.60152038967971,0.7365999999999999,0.1853721765230228,0.4792699567889241,201.2568240915803,172.602229729925,594.0,11.0,40475.51955736272,25111.40331025362,0.7334176441054323,1.0833333333333333,0.9137866018908068,1.0,1.0205570373923438,58949.04315665187,26755.262095701488,1571.5356478603373,1325.133042169342
33,498,5.641075861237999,237343.3349365132,0,-14.756167050331246,0.7365999999999999,0.1440377555664865,0.49396610400463886,200.53641088028948,167.45393228559814,594.0,11.0,42976.04310676186,24364.305732406032,0.7255247590580742,1.0833333333333333,0.9157846613433681,1.0,1.1098920595034796,77075.64624346705,28547.632187243325,1648.7371824045333,1402.6392163911094
33,571,5.903756053617,237667.25247465193,0,-19.43709521437234,0.7365999999999999,0.14069520739280716,0.4789951241970627,209.87451309426473,168.6591226938448,594.0,12.0,40475.51955736272,25125.811457035074,0.7180147807157886,1.0769230769230769,0.9118510540021287,1.0,1.1166342166625478,60625.53024082634,32239.980378786466,1571.5356478603373,1408.5391358806464
33,398,5.629839590163388,238632.855765719,0,-11.947843126630232,0.7365999999999999,0.1853721765230228,0.4792699567889241,200.13696908436123,171.13352733462082,594.0,11.0,42976.04310676186,25111.40331025362,0.7334176441054323,1.0833333333333333,0.9137866018908068,1.0,1.0205570373923438,76972.23877705926,26755.262095701488,1648.7371824045333,1325.133042169342
33,645,5.6613410368162915,239078.62915701335,0,-10.138556178918359,0.7365999999999999,0.198247277016953,0.5003253966816663,201.2568240915803,174.79533422222124,594.0,11.0,40475.51955736272,24054.627766720972,0.7466317704687728,1.0833333333333333,0.9189067911409701,1.0,0.9907864274342006,58949.04315665187,23887.401777915096,1571.5356478603373,1282.8821028898437
33,641,6.356939179083004,240998.85400993994,0,-4.730224135444173,0.7874,0.14128096452097946,0.33396346358714396,202.90448039113485,184.91211695756874,400.0,19.0,42835.82841842838,45342.241665334535,0.656187705602847,1.05,0.9089084789090464,1.0,1.1364715413615964,28850.102471606297,53713.77390958862,1233.3243062758038,1369.4056342259555
33,626,5.905470966001616,241579.35502299303,0,-19.078606064951405,0.7365999999999999,0.1473593411291863,0.4934998802306991,209.93547706338063,169.19554766233088,594.0,11.0,40475.51955736272,24387.3234047967,0.7264111634975674,1.0833333333333333,0.9157846613433681,1.0,1.103113536676257,60637.39018457587,28376.98185581175,1571.5356478603373,1396.5806898063634
33,417,5.905470966001616,242206.5659407665,0,-16.08870973034744,0.7365999999999999,0.1884075269829436,0.479603549613288,209.93547706338063,173.37328767552825,594.0,12.0,40475.51955736272,25093.936834117725,0.7346469867847647,1.0769230769230769,0.9137866018908068,1.0,1.0136124412260712,60637.39018457587,27749.77093803827,1571.5356478603373,1309.9647417823062
33,422,5.6487023588974195,242630.2054223376,0,-0.48787849323101806,0.7365999999999999,0.1440377555664865,0.4795379395656041,171.73438394694003,162.80011163364134,508.0,11.0,50251.51497129242,20120.706148376717,0.7809800368240267,1.0833333333333333,0.9353237809222416,1.0,1.1098920595034796,102958.58357608953,20341.672100691947,1868.4850116518016,1366.991343437827
33,538,5.661734819715913,243267.53918251808,0,-14.150898533511864,0.7365999999999999,0.14409038561774595,0.5402276770449563,201.27082280588564,168.92094418346085,594.0,10.0,42976.04310676186,22277.905577231217,0.7436805171044566,1.0909090909090908,0.9157846613433681,1.0,1.109785260553014,77265.77075547283,23547.9643788404,1648.7371824045333,1370.6763768058347
33,602,6.3050875932711055,243723.99650848698,0,-3.6348790798238273,0.7874,0.15272073466421246,0.33396346358714396,201.24945133072825,185.25307252641406,400.0,18.0,42835.82841842838,45342.241665334535,0.660050316010757,1.0526315789473684,0.9136446426602964,1.0,1.1152531091591813,28706.6372931495,49477.06752909178,1233.3243062758038,1362.1978644285493
33,521,6.3050875932711055,243911.0255678323,0,-3.553496106780143,0.7874,0.15452491363654774,0.33396346358714396,201.24945133072825,185.39195746654391,400.0,18.0,42835.82841842838,45342.241665334535,0.6606672459393028,1.0526315789473684,0.9136446426602964,1.0,1.1118279210806223,28706.6372931495,49290.03846974645,1233.3243062758038,1359.283551207567
33,474,5.8352486643762544,246082.66252030683,0,-18.840676605598443,0.7365999999999999,0.1445366295507402,0.49414646383795763,207.43912199245048,167.5048357924369,594.0,11.0,42976.04310676186,24355.412939595797,0.7257622182635863,1.0833333333333333,0.9157846613433681,1.0,1.1088789352591863,78862.61965168221,28497.989123825835,1648.7371824045333,1401.5052003249705
33,270,6.367046260407246,248227.31966253987,0,-9.282822374560972,0.7365999999999999,0.1853160780643663,0.479603549613288,193.57379759448636,169.3813589587855,508.0,13.0,47327.67444305798,20117.953623940874,0.7929498274467331,1.0714285714285714,0.9344466662712846,1.0,1.0206849415888832,85122.64262506955,18748.030557016027,1780.9938628430064,1261.071749051484
34,576,5.8352486643762544,211137.48512619938,0,-5.880237809798805,0.7365999999999999,0.1445296201621532,0.3804494920066205,177.40584843798797,159.99771640308487,508.0,15.0,47327.67444305798,25361.164022344517,0.7369596355585566,1.0625,0.9353237809222416,1.0,1.1088931822954942,80273.60289665312,34820.87620844171,1780.9938628430064,1456.3780172004424
34,535,5.6487023588974195,214449.95435128614,0,-0.7074279255583598,0.7365999999999999,0.14403982868746457,0.4434511723480277,171.73438394694003,162.46198334130256,508.0,12.0,47327.67444305798,21758.070720410997,0.766685330442129,1.0769230769230769,0.9353237809222416,1.0,1.1098878530179177,78572.63536087009,24135.974956523998,1780.9938628430064,1399.4595709862601
34,637,5.5283420925192805,216357.59762021044,0,-0.806889428495702,0.7365999999999999,0.11421448616843591,0.4792537936490151,165.4282845643128,156.34925613809793,500.0,11.0,48084.9172341469,20132.635561490835,0.7744747495683301,1.0833333333333333,0.9353237809222416,1.0,1.1669725781909424,79784.60543478446,17134.202378886854,1803.7543409380582,1532.8647298232795
34,639,5.6487023588974195,227005.14185242582,0,-16.406489314824537,0.7365999999999999,0.1440377555664865,0.42825303806573806,200.80752768598893,165.4009837688874,594.0,13.0,42976.04310676186,28102.874024601944,0.6950484029463053,1.0714285714285714,0.9157846613433681,1.0,1.1098920595034796,77145.83294466793,39227.12877823101,1648.7371824045333,1449.9553757729425
34,567,5.852473979256924,228206.81834692383,0,-6.771109802589983,0.7365999999999999,0.11410050561367281,0.4792537936490151,175.12750018777425,156.68404876455486,500.0,12.0,48084.9172341469,20132.635561490835,0.7744446338251907,1.0769230769230769,0.9353237809222416,1.0,1.1671764123367727,82824.32282803915,18023.91466888955,1803.7543409380582,1524.0014205893901
34,559,5.640487593875264,233821.42208849482,0,-13.702442436731516,0.7365999999999999,0.14403974516287096,0.49396610400463886,200.5154983755718,168.92280753401238,594.0,11.0,40475.51955736272,24364.305732406032,0.7255254045619064,1.0833333333333333,0.9157846613433681,1.0,1.109888022494868,58804.82549137439,28547.500795702625,1571.5356478603373,1402.635362505915
34,563,5.6613410368162915,236210.76883922695,0,-11.60152038967971,0.7365999999999999,0.1853721765230228,0.4792699567889241,201.2568240915803,172.602229729925,594.0,11.0,40475.51955736272,25111.40331025362,0.7334176441054323,1.0833333333333333,0.9137866018908068,1.0,1.0205570373923438,58949.04315665187,26755.262095701488,1571.5356478603373,1325.133042169342
34,498,5.641075861237999,237343.3349365132,0,-14.756167050331246,0.7365999999999999,0.1440377555664865,0.49396610400463886,200.53641088028948,167.45393228559814,594.0,11.0,42976.04310676186,24364.305732406032,0.7255247590580742,1.0833333333333333,0.9157846613433681,1.0,1.1098920595034796,77075.64624346705,28547.632187243325,1648.7371824045333,1402.6392163911094
34,571,5.903756053617,237667.25247465193,0,-19.43709521437234,0.7365999999999999,0.14069520739280716,0.4789951241970627,209.87451309426473,168.6591226938448,594.0,12.0,40475.51955736272,25125.811457035074,0.7180147807157886,1.0769230769230769,0.9118510540021287,1.0,1.1166342166625478,60625.53024082634,32239.980378786466,1571.5356478603373,1408.5391358806464
34,398,5.629839590163388,238632.855765719,0,-11.947843126630232,0.7365999999999999,0.1853721765230228,0.4792699567889241,200.13696908436123,171.13352733462082,594.0,11.0,42976.04310676186,25111.40331025362,0.7334176441054323,1.0833333333333333,0.9137866018908068,1.0,1.0205570373923438,76972.23877705926,26755.262095701488,1648.7371824045333,1325.133042169342
34,645,5.6613410368162915,239078.62915701335,0,-10.138556178918359,0.7365999999999999,0.198247277016953,0.5003253966816663,201.2568240915803,174.79533422222124,594.0,11.0,40475.51955736272,24054.627766720972,0.7466317704687728,1.0833333333333333,0.9189067911409701,1.0,0.9907864274342006,58949.04315665187,23887.401777915096,1571.5356478603373,1282.8821028898437
34,641,6.356939179083004,240998.85400993994,0,-4.730224135444173,0.7874,0.14128096452097946,0.33396346358714396,202.90448039113485,184.91211695756874,400.0,19.0,42835.82841842838,45342.241665334535,0.656187705602847,1.05,0.9089084789090464,1.0,1.1364715413615964,28850.102471606297,53713.77390958862,1233.3243062758038,1369.4056342259555
34,626,5.905470966001616,241579.35502299303,0,-19.078606064951405,0.7365999999999999,0.1473593411291863,0.4934998802306991,209.93547706338063,169.19554766233088,594.0,11.0,40475.51955736272,24387.3234047967,0.7264111634975674,1.0833333333333333,0.9157846613433681,1.0,1.103113536676257,60637.39018457587,28376.98185581175,1571.5356478603373,1396.5806898063634
34,662,5.842894093150485,241622.55422819254,0,-1.678486800705394,0.7365999999999999,0.14478095985344083,0.3804494920066205,188.1287382846592,176.35115000845252,538.0,15.0,33516.438592574515,25361.164022344517,0.7300420885173557,1.0625,0.9353237809222416,1.0,1.1083821009300867,31911.8621974442,35252.57185902246,1351.3771861719395,1442.0426417321726
34,417,5.905470966001616,242206.5659407665,0,-16.08870973034744,0.7365999999999999,0.1884075269829436,0.479603549613288,209.93547706338063,173.37328767552825,594.0,12.0,40475.51955736272,25093.936834117725,0.7346469867847647,1.0769230769230769,0.9137866018908068,1.0,1.0136124412260712,60637.39018457587,27749.77093803827,1571.5356478603373,1309.9647417823062
34,422,5.6487023588974195,242630.2054223376,0,-0.48787849323101806,0.7365999999999999,0.1440377555664865,0.4795379395656041,171.73438394694003,162.80011163364134,508.0,11.0,50251.51497129242,20120.706148376717,0.7809800368240267,1.0833333333333333,0.9353237809222416,1.0,1.1098920595034796,102958.58357608953,20341.672100691947,1868.4850116518016,1366.991343437827
34,538,5.661734819715913,243267.53918251808,0,-14.150898533511864,0.7365999999999999,0.14409038561774595,0.5402276770449563,201.27082280588564,168.92094418346085,594.0,10.0,42976.04310676186,22277.905577231217,0.7436805171044566,1.0909090909090908,0.9157846613433681,1.0,1.109785260553014,77265.77075547283,23547.9643788404,1648.7371824045333,1370.6763768058347
34,602,6.3050875932711055,243723.99650848698,0,-3.6348790798238273,0.7874,0.15272073466421246,0.33396346358714396,201.24945133072825,185.25307252641406,400.0,18.0,42835.82841842838,45342.241665334535,0.660050316010757,1.0526315789473684,0.9136446426602964,1.0,1.1152531091591813,28706.6372931495,49477.06752909178,1233.3243062758038,1362.1978644285493
34,521,6.3050875932711055,243911.0255678323,0,-3.553496106780143,0.7874,0.15452491363654774,0.33396346358714396,201.24945133072825,185.39195746654391,400.0,18.0,42835.82841842838,45342.241665334535,0.6606672459393028,1.0526315789473684,0.9136446426602964,1.0,1.1118279210806223,28706.6372931495,49290.03846974645,1233.3243062758038,1359.283551207567
34,474,5.8352486643762544,246082.66252030683,0,-18.840676605598443,0.7365999999999999,0.1445366295507402,0.49414646383795763,207.43912199245048,167.5048357924369,594.0,11.0,42976.04310676186,24355.412939595797,0.7257622182635863,1.0833333333333333,0.9157846613433681,1.0,1.1088789352591863,78862.61965168221,28497.989123825835,1648.7371824045333,1401.5052003249705
35,576,5.8352486643762544,211137.48512619938,0,-5.880237809798805,0.7365999999999999,0.1445296201621532,0.3804494920066205,177.40584843798797,159.99771640308487,508.0,15.0,47327.67444305798,25361.164022344517,0.7369596355585566,1.0625,0.9353237809222416,1.0,1.1088931822954942,80273.60289665312,34820.87620844171,1780.9938628430064,1456.3780172004424
35,535,5.6487023588974195,214449.95435128614,0,-0.7074279255583598,0.7365999999999999,0.14403982868746457,0.4434511723480277,171.73438394694003,162.46198334130256,508.0,12.0,47327.67444305798,21758.070720410997,0.766685330442129,1.0769230769230769,0.9353237809222416,1.0,1.1098878530179177,78572.63536087009,24135.974956523998,1780.9938628430064,1399.4595709862601
35,637,5.5283420925192805,216357.59762021044,0,-0.806889428495702,0.7365999999999999,0.11421448616843591,0.4792537936490151,165.4282845643128,156.34925613809793,500.0,11.0,48084.9172341469,20132.635561490835,0.7744747495683301,1.0833333333333333,0.9353237809222416,1.0,1.1669725781909424,79784.60543478446,17134.202378886854,1803.7543409380582,1532.8647298232795
35,639,5.6487023588974195,227005.14185242582,0,-16.406489314824537,0.7365999999999999,0.1440377555664865,0.42825303806573806,200.80752768598893,165.4009837688874,594.0,13.0,42976.04310676186,28102.874024601944,0.6950484029463053,1.0714285714285714,0.9157846613433681,1.0,1.1098920595034796,77145.83294466793,39227.12877823101,1648.7371824045333,1449.9553757729425
35,567,5.852473979256924,228206.81834692383,0,-6.771109802589983,0.7365999999999999,0.11410050561367281,0.4792537936490151,175.12750018777425,156.68404876455486,500.0,12.0,48084.9172341469,20132.635561490835,0.7744446338251907,1.0769230769230769,0.9353237809222416,1.0,1.1671764123367727,82824.32282803915,18023.91466888955,1803.7543409380582,1524.0014205893901
35,683,5.629839590163388,231820.77918570305,0,-14.23007156048299,0.7365999999999999,0.11999210008739213,0.49600410181309396,200.13696908436123,167.85779498826838,594.0,11.0,40475.51955736272,24264.196879463754,0.718786099093051,1.0833333333333333,0.904671804462765,1.0,1.15648752186038,58731.18632111672,30243.25357754147,1571.5356478603373,1426.789426008179
35,559,5.640487593875264,233821.42208849482,0,-13.702442436731516,0.7365999999999999,0.14403974516287096,0.49396610400463886,200.5154983755718,168.92280753401238,594.0,11.0,40475.51955736272,24364.305732406032,0.7255254045619064,1.0833333333333333,0.9157846613433681,1.0,1.109888022494868,58804.82549137439,28547.500795702625,1571.5356478603373,1402.635362505915
35,563,5.6613410368162915,236210.76883922695,0,-11.60152038967971,0.7365999999999999,0.1853721765230228,0.4792699567889241,201.2568240915803,172.602229729925,594.0,11.0,40475.51955736272,25111.40331025362,0.7334176441054323,1.0833333333333333,0.9137866018908068,1.0,1.0205570373923438,58949.04315665187,26755.262095701488,1571.5356478603373,1325.133042169342
35,498,5.641075861237999,237343.3349365132,0,-14.756167050331246,0.7365999999999999,0.1440377555664865,0.49396610400463886,200.53641088028948,167.45393228559814,594.0,11.0,42976.04310676186,24364.305732406032,0.7255247590580742,1.0833333333333333,0.9157846613433681,1.0,1.1098920595034796,77075.64624346705,28547.632187243325,1648.7371824045333,1402.6392163911094
35,571,5.903756053617,237667.25247465193,0,-19.43709521437234,0.7365999999999999,0.14069520739280716,0.4789951241970627,209.87451309426473,168.6591226938448,594.0,12.0,40475.51955736272,25125.811457035074,0.7180147807157886,1.0769230769230769,0.9118510540021287,1.0,1.1166342166625478,60625.53024082634,32239.980378786466,1571.5356478603373,1408.5391358806464
35,691,5.702981095601199,237925.96422892628,0,-20.041556793015683,0.7365999999999999,0.13242284604736737,0.30220352517754434,202.73709986573684,162.13577714913808,594.0,18.0,40475.51955736272,39824.62207329931,0.6100394779437148,1.0526315789473684,0.9118510540021287,1.0,1.1329648025278933,59237.01632621238,82704.79068940182,1571.5356478603373,1572.2559829347724
35,398,5.629839590163388,238632.855765719,0,-11.947843126630232,0.7365999999999999,0.1853721765230228,0.4792699567889241,200.13696908436123,171.13352733462082,594.0,11.0,42976.04310676186,25111.40331025362,0.7334176441054323,1.0833333333333333,0.9137866018908068,1.0,1.0205570373923438,76972.23877705926,26755.262095701488,1648.7371824045333,1325.133042169342
35,645,5.6613410368162915,239078.62915701335,0,-10.138556178918359,0.7365999999999999,0.198247277016953,0.5003253966816663,201.2568240915803,174.79533422222124,594.0,11.0,40475.51955736272,24054.627766720972,0.7466317704687728,1.0833333333333333,0.9189067911409701,1.0,0.9907864274342006,58949.04315665187,23887.401777915096,1571.5356478603373,1282.8821028898437
35,641,6.356939179083004,240998.85400993994,0,-4.730224135444173,0.7874,0.14128096452097946,0.33396346358714396,202.90448039113485,184.91211695756874,400.0,19.0,42835.82841842838,45342.241665334535,0.656187705602847,1.05,0.9089084789090464,1.0,1.1364715413615964,28850.102471606297,53713.77390958862,1233.3243062758038,1369.4056342259555
35,626,5.905470966001616,241579.35502299303,0,-19.078606064951405,0.7365999999999999,0.1473593411291863,0.4934998802306991,209.93547706338063,169.19554766233088,594.0,11.0,40475.51955736272,24387.3234047967,0.7264111634975674,1.0833333333333333,0.9157846613433681,1.0,1.103113536676257,60637.39018457587,28376.98185581175,1571.5356478603373,1396.5806898063634
35,662,5.842894093150485,241622.55422819254,0,-1.678486800705394,0.7365999999999999,0.14478095985344083,0.3804494920066205,188.1287382846592,176.35115000845252,538.0,15.0,33516.438592574515,25361.164022344517,0.7300420885173557,1.0625,0.9353237809222416,1.0,1.1083821009300867,31911.8621974442,35252.57185902246,1351.3771861719395,1442.0426417321726
35,417,5.905470966001616,242206.5659407665,0,-16.08870973034744,0.7365999999999999,0.1884075269829436,0.479603549613288,209.93547706338063,173.37328767552825,594.0,12.0,40475.51955736272,25093.936834117725,0.7346469867847647,1.0769230769230769,0.9137866018908068,1.0,1.0136124412260712,60637.39018457587,27749.77093803827,1571.5356478603373,1309.9647417823062
35,422,5.6487023588974195,242630.2054223376,0,-0.48787849323101806,0.7365999999999999,0.1440377555664865,0.4795379395656041,171.73438394694003,162.80011163364134,508.0,11.0,50251.51497129242,20120.706148376717,0.7809800368240267,1.0833333333333333,0.9353237809222416,1.0,1.1098920595034796,102958.58357608953,20341.672100691947,1868.4850116518016,1366.991343437827
35,538,5.661734819715913,243267.53918251808,0,-14.150898533511864,0.7365999999999999,0.14409038561774595,0.5402276770449563,201.27082280588564,168.92094418346085,594.0,10.0,42976.04310676186,22277.905577231217,0.7436805171044566,1.0909090909090908,0.9157846613433681,1.0,1.109785260553014,77265.77075547283,23547.9643788404,1648.7371824045333,1370.6763768058347
35,602,6.3050875932711055,243723.99650848698,0,-3.6348790798238273,0.7874,0.15272073466421246,0.33396346358714396,201.24945133072825,185.25307252641406,400.0,18.0,42835.82841842838,45342.241665334535,0.660050316010757,1.0526315789473684,0.9136446426602964,1.0,1.1152531091591813,28706.6372931495,49477.06752909178,1233.3243062758038,1362.1978644285493
36,701,5.670428237677538,202444.32874132306,0,-4.105294081248509,0.7365999999999999,0.11276557741514995,0.3804494920066205,172.39490386301114,158.00782658138672,508.0,14.0,47327.67444305798,25361.164022344517,0.7271454290896975,1.0666666666666667,0.9256705846099288,1.0,1.1695548239072064,78770.73638676005,37000.22150844815,1780.9938628430064,1505.8330841636796
36,576,5.8352486643762544,211137.48512619938,0,-5.880237809798805,0.7365999999999999,0.1445296201621532,0.3804494920066205,177.40584843798797,159.99771640308487,508.0,15.0,47327.67444305798,25361.164022344517,0.7369596355585566,1.0625,0.9353237809222416,1.0,1.1088931822954942,80273.60289665312,34820.87620844171,1780.9938628430064,1456.3780172004424
36,717,5.662275908730292,214179.96234510266,0,-4.192082472247879,0.7365999999999999,0.1445296201621532,0.3804494920066205,169.4360758858594,155.17249240934942,500.0,14.0,48084.9172341469,25361.164022344517,0.7388528157674921,1.0666666666666667,0.9302700510249621,1.0,1.1088931822954942,81040.64030003399,24575.663840790767,1803.7543409380582,1564.8535045900267
36,535,5.6487023588974195,214449.95435128614,0,-0.7074279255583598,0.7365999999999999,0.14403982868746457,0.4434511723480277,171.73438394694003,162.46198334130256,508.0,12.0,47327.67444305798,21758.070720410997,0.766685330442129,1.0769230769230769,0.9353237809222416,1.0,1.1098878530179177,78572.63536087009,24135.974956523998,1780.9938628430064,1399.4595709862601
36,637,5.5283420925192805,216357.59762021044,0,-0.806889428495702,0.7365999999999999,0.11421448616843591,0.4792537936490151,165.4282845643128,156.34925613809793,500.0,11.0,48084.9172341469,20132.635561490835,0.7744747495683301,1.0833333333333333,0.9353237809222416,1.0,1.1669725781909424,79784.60543478446,17134.202378886854,1803.7543409380582,1532.8647298232795
36,639,5.6487023588974195,227005.14185242582,0,-16.406489314824537,0.7365999999999999,0.1440377555664865,0.42825303806573806,200.80752768598893,165.4009837688874,594.0,13.0,42976.04310676186,28102.874024601944,0.6950484029463053,1.0714285714285714,0.9157846613433681,1.0,1.1098920595034796,77145.83294466793,39227.12877823101,1648.7371824045333,1449.9553757729425
36,567,5.852473979256924,228206.81834692383,0,-6.771109802589983,0.7365999999999999,0.11410050561367281,0.4792537936490151,175.12750018777425,156.68404876455486,500.0,12.0,48084.9172341469,20132.635561490835,0.7744446338251907,1.0769230769230769,0.9353237809222416,1.0,1.1671764123367727,82824.32282803915,18023.91466888955,1803.7543409380582,1524.0014205893901
36,683,5.629839590163388,231820.77918570305,0,-14.23007156048299,0.7365999999999999,0.11999210008739213,0.49600410181309396,200.13696908436123,167.85779498826838,594.0,11.0,40475.51955736272,24264.196879463754,0.718786099093051,1.0833333333333333,0.904671804462765,1.0,1.15648752186038,58731.18632111672,30243.25357754147,1571.5356478603373,1426.789426008179
36,559,5.640487593875264,233821.42208849482,0,-13.702442436731516,0.7365999999999999,0.14403974516287096,0.49396610400463886,200.5154983755718,168.92280753401238,594.0,11.0,40475.51955736272,24364.305732406032,0.7255254045619064,1.0833333333333333,0.9157846613433681,1.0,1.109888022494868,58804.82549137439,28547.500795702625,1571.5356478603373,1402.635362505915
36,563,5.6613410368162915,236210.76883922695,0,-11.60152038967971,0.7365999999999999,0.1853721765230228,0.4792699567889241,201.2568240915803,172.602229729925,594.0,11.0,40475.51955736272,25111.40331025362,0.7334176441054323,1.0833333333333333,0.9137866018908068,1.0,1.0205570373923438,58949.04315665187,26755.262095701488,1571.5356478603373,1325.133042169342
36,498,5.641075861237999,237343.3349365132,0,-14.756167050331246,0.7365999999999999,0.1440377555664865,0.49396610400463886,200.53641088028948,167.45393228559814,594.0,11.0,42976.04310676186,24364.305732406032,0.7255247590580742,1.0833333333333333,0.9157846613433681,1.0,1.1098920595034796,77075.64624346705,28547.632187243325,1648.7371824045333,1402.6392163911094
36,571,5.903756053617,237667.25247465193,0,-19.43709521437234,0.7365999999999999,0.14069520739280716,0.4789951241970627,209.87451309426473,168.6591226938448,594.0,12.0,40475.51955736272,25125.811457035074,0.7180147807157886,1.0769230769230769,0.9118510540021287,1.0,1.1166342166625478,60625.53024082634,32239.980378786466,1571.5356478603373,1408.5391358806464
36,691,5.702981095601199,237925.96422892628,0,-20.041556793015683,0.7365999999999999,0.13242284604736737,0.30220352517754434,202.73709986573684,162.13577714913808,594.0,18.0,40475.51955736272,39824.62207329931,0.6100394779437148,1.0526315789473684,0.9118510540021287,1.0,1.1329648025278933,59237.01632621238,82704.79068940182,1571.5356478603373,1572.2559829347724
36,398,5.629839590163388,238632.855765719,0,-11.947843126630232,0.7365999999999999,0.1853721765230228,0.4792699567889241,200.13696908436123,171.13352733462082,594.0,11.0,42976.04310676186,25111.40331025362,0.7334176441054323,1.0833333333333333,0.9137866018908068,1.0,1.0205570373923438,76972.23877705926,26755.262095701488,1648.7371824045333,1325.133042169342
36,645,5.6613410368162915,239078.62915701335,0,-10.138556178918359,0.7365999999999999,0.198247277016953,0.5003253966816663,201.2568240915803,174.79533422222124,594.0,11.0,40475.51955736272,24054.627766720972,0.7466317704687728,1.0833333333333333,0.9189067911409701,1.0,0.9907864274342006,58949.04315665187,23887.401777915096,1571.5356478603373,1282.8821028898437
36,707,5.834313792462254,239978.75153719005,0,-14.88876710247391,0.7365999999999999,0.1853721765230228,0.4792699567889241,207.40588793162982,172.99859940535663,594.0,12.0,40475.51955736272,25111.40331025362,0.7334176441054323,1.0769230769230769,0.9137866018908068,1.0,1.0205570373923438,60145.28336726937,27940.103027170397,1571.5356478603373,1317.29201825118
36,641,6.356939179083004,240998.85400993994,0,-4.730224135444173,0.7874,0.14128096452097946,0.33396346358714396,202.90448039113485,184.91211695756874,400.0,19.0,42835.82841842838,45342.241665334535,0.656187705602847,1.05,0.9089084789090464,1.0,1.1364715413615964,28850.102471606297,53713.77390958862,1233.3243062758038,1369.4056342259555
36,626,5.905470966001616,241579.35502299303,0,-19.078606064951405,0.7365999999999999,0.1473593411291863,0.4934998802306991,209.93547706338063,169.19554766233088,594.0,11.0,40475.51955736272,24387.3234047967,0.7264111634975674,1.0833333333333333,0.9157846613433681,1.0,1.103113536676257,60637.39018457587,28376.98185581175,1571.5356478603373,1396.5806898063634
36,662,5.842894093150485,241622.55422819254,0,-1.678486800705394,0.7365999999999999,0.14478095985344083,0.3804494920066205,188.1287382846592,176.35115000845252,538.0,15.0,33516.438592574515,25361.164022344517,0.7300420885173557,1.0625,0.9353237809222416,1.0,1.1083821009300867,31911.8621974442,35252.57185902246,1351.3771861719395,1442.0426417321726
36,417,5.905470966001616,242206.5659407665,0,-16.08870973034744,0.7365999999999999,0.1884075269829436,0.479603549613288,209.93547706338063,173.37328767552825,594.0,12.0,40475.51955736272,25093.936834117725,0.7346469867847647,1.0769230769230769,0.9137866018908068,1.0,1.0136124412260712,60637.39018457587,27749.77093803827,1571.5356478603373,1309.9647417823062
37,701,5.670428237677538,202444.32874132306,0,-4.105294081248509,0.7365999999999999,0.11276557741514995,0.3804494920066205,172.39490386301114,158.00782658138672,508.0,14.0,47327.67444305798,25361.164022344517,0.7271454290896975,1.0666666666666667,0.9256705846099288,1.0,1.1695548239072064,78770.73638676005,37000.22150844815,1780.9938628430064,1505.8330841636796
37,576,5.8352486643762544,211137.48512619938,0,-5.880237809798805,0.7365999999999999,0.1445296201621532,0.3804494920066205,177.40584843798797,159.99771640308487,508.0,15.0,47327.67444305798,25361.164022344517,0.7369596355585566,1.0625,0.9353237809222416,1.0,1.1088931822954942,80273.60289665312,34820.87620844171,1780.9938628430064,1456.3780172004424
37,717,5.662275908730292,214179.96234510266,0,-4.192082472247879,0.7365999999999999,0.1445296201621532,0.3804494920066205,169.4360758858594,155.17249240934942,500.0,14.0,48084.9172341469,25361.164022344517,0.7388528157674921,1.0666666666666667,0.9302700510249621,1.0,1.1088931822954942,81040.64030003399,24575.663840790767,1803.7543409380582,1564.8535045900267
37,535,5.6487023588974195,214449.95435128614,0,-0.7074279255583598,0.7365999999999999,0.14403982868746457,0.4434511723480277,171.73438394694003,162.46198334130256,508.0,12.0,47327.67444305798,21758.070720410997,0.766685330442129,1.0769230769230769,0.9353237809222416,1.0,1.1098878530179177,78572.63536087009,24135.974956523998,1780.9938628430064,1399.4595709862601
37,637,5.5283420925192805,216357.59762021044,0,-0.806889428495702,0.7365999999999999,0.11421448616843591,0.4792537936490151,165.4282845643128,156.34925613809793,500.0,11.0,48084.9172341469,20132.635561490835,0.7744747495683301,1.0833333333333333,0.9353237809222416,1.0,1.1669725781909424,79784.60543478446,17134.202378886854,1803.7543409380582,1532.8647298232795
37,639,5.6487023588974195,227005.14185242582,0,-16.406489314824537,0.7365999999999999,0.1440377555664865,0.42825303806573806,200.80752768598893,165.4009837688874,594.0,13.0,42976.04310676186,28102.874024601944,0.6950484029463053,1.0714285714285714,0.9157846613433681,1.0,1.1098920595034796,77145.83294466793,39227.12877823101,1648.7371824045333,1449.9553757729425
37,567,5.852473979256924,228206.81834692383,0,-6.771109802589983,0.7365999999999999,0.11410050561367281,0.4792537936490151,175.12750018777425,156.68404876455486,500.0,12.0,48084.9172341469,20132.635561490835,0.7744446338251907,1.0769230769230769,0.9353237809222416,1.0,1.1671764123367727,82824.32282803915,18023.91466888955,1803.7543409380582,1524.0014205893901
37,683,5.629839590163388,231820.77918570305,0,-14.23007156048299,0.7365999999999999,0.11999210008739213,0.49600410181309396,200.13696908436123,167.85779498826838,594.0,11.0,40475.51955736272,24264.196879463754,0.718786099093051,1.0833333333333333,0.904671804462765,1.0,1.15648752186038,58731.18632111672,30243.25357754147,1571.5356478603373,1426.789426008179
37,733,5.88219141442254,232205.87548437863,0,-5.72485620889741,0.7365999999999999,0.1314275786226567,0.49600410181309396,176.0167549116726,158.96769789395182,500.0,11.0,48084.9172341469,19452.746325540247,0.7852035754375666,1.0833333333333333,0.9264085970874162,1.0,1.1348942774055133,83103.01371977778,15192.80314707175,1803.7543409380582,1466.1743514584416
37,559,5.640487593875264,233821.42208849482,0,-13.702442436731516,0.7365999999999999,0.14403974516287096,0.49396610400463886,200.5154983755718,168.92280753401238,594.0,11.0,40475.51955736272,24364.305732406032,0.7255254045619064,1.0833333333333333,0.9157846613433681,1.0,1.109888022494868,58804.82549137439,28547.500795702625,1571.5356478603373,1402.635362505915
37,563,5.6613410368162915,236210.76883922695,0,-11.60152038967971,0.7365999999999999,0.1853721765230228,0.4792699567889241,201.2568240915803,172.602229729925,594.0,11.0,40475.51955736272,25111.40331025362,0.7334176441054323,1.0833333333333333,0.9137866018908068,1.0,1.0205570373923438,58949.04315665187,26755.262095701488,1571.5356478603373,1325.133042169342
37,731,5.670399533848439,237252.86270342185,0,-2.193860668193361,0.7365999999999999,0.1440377555664865,0.42825303806573806,172.39403119631814,160.8245380115048,508.0,13.0,50251.51497129242,22530.235891791755,0.7601013670415606,1.0714285714285714,0.9353237809222414,1.0,1.1098920595034796,103221.9198225709,26641.998315467194,1868.4850116518016,1410.1486869577518
37,498,5.641075861237999,237343.3349365132,0,-14.756167050331246,0.7365999999999999,0.1440377555664865,0.49396610400463886,200.53641088028948,167.45393228559814,594.0,11.0,42976.04310676186,24364.305732406032,0.7255247590580742,1.0833333333333333,0.9157846613433681,1.0,1.1098920595034796,77075.64624346705,28547.632187243325,1648.7371824045333,1402.6392163911094
37,571,5.903756053617,237667.25247465193,0,-19.43709521437234,0.7365999999999999,0.14069520739280716,0.4789951241970627,209.87451309426473,168.6591226938448,594.0,12.0,40475.51955736272,25125.811457035074,0.7180147807157886,1.0769230769230769,0.9118510540021287,1.0,1.1166342166625478,60625.53024082634,32239.980378786466,1571.5356478603373,1408.5391358806464
37,691,5.702981095601199,237925.96422892628,0,-20.041556793015683,0.7365999999999999,0.13242284604736737,0.30220352517754434,202.73709986573684,162.13577714913808,594.0,18.0,40475.51955736272,39824.62207329931,0.6100394779437148,1.0526315789473684,0.9118510540021287,1.0,1.1329648025278933,59237.01632621238,82704.79068940182,1571.5356478603373,1572.2559829347724
37,398,5.629839590163388,238632.855765719,0,-11.947843126630232,0.7365999999999999,0.1853721765230228,0.4792699567889241,200.13696908436123,171.13352733462082,594.0,11.0,42976.04310676186,25111.40331025362,0.7334176441054323,1.0833333333333333,0.9137866018908068,1.0,1.0205570373923438,76972.23877705926,26755.262095701488,1648.7371824045333,1325.133042169342
37,645,5.6613410368162915,239078.62915701335,0,-10.138556178918359,0.7365999999999999,0.198247277016953,0.5003253966816663,201.2568240915803,174.79533422222124,594.0,11.0,40475.51955736272,24054.627766720972,0.7466317704687728,1.0833333333333333,0.9189067911409701,1.0,0.9907864274342006,58949.04315665187,23887.401777915096,1571.5356478603373,1282.8821028898437
37,707,5.834313792462254,239978.75153719005,0,-14.88876710247391,0.7365999999999999,0.1853721765230228,0.4792699567889241,207.40588793162982,172.99859940535663,594.0,12.0,40475.51955736272,25111.40331025362,0.7334176441054323,1.0769230769230769,0.9137866018908068,1.0,1.0205570373923438,60145.28336726937,27940.103027170397,1571.5356478603373,1317.29201825118
37,641,6.356939179083004,240998.85400993994,0,-4.730224135444173,0.7874,0.14128096452097946,0.33396346358714396,202.90448039113485,184.91211695756874,400.0,19.0,42835.82841842838,45342.241665334535,0.656187705602847,1.05,0.9089084789090464,1.0,1.1364715413615964,28850.102471606297,53713.77390958862,1233.3243062758038,1369.4056342259555
37,626,5.905470966001616,241579.35502299303,0,-19.078606064951405,0.7365999999999999,0.1473593411291863,0.4934998802306991,209.93547706338063,169.19554766233088,594.0,11.0,40475.51955736272,24387.3234047967,0.7264111634975674,1.0833333333333333,0.9157846613433681,1.0,1.103113536676257,60637.39018457587,28376.98185581175,1571.5356478603373,1396.5806898063634
38,701,5.670428237677538,202444.32874132306,0,-4.105294081248509,0.7365999999999999,0.11276557741514995,0.3804494920066205,172.39490386301114,158.00782658138672,508.0,14.0,47327.67444305798,25361.164022344517,0.7271454290896975,1.0666666666666667,0.9256705846099288,1.0,1.1695548239072064,78770.73638676005,37000.22150844815,1780.9938628430064,1505.8330841636796
38,576,5.8352486643762544,211137.48512619938,0,-5.880237809798805,0.7365999999999999,0.1445296201621532,0.3804494920066205,177.40584843798797,159.99771640308487,508.0,15.0,47327.67444305798,25361.164022344517,0.7369596355585566,1.0625,0.9353237809222416,1.0,1.1088931822954942,80273.60289665312,34820.87620844171,1780.9938628430064,1456.3780172004424
38,717,5.662275908730292,214179.96234510266,0,-4.192082472247879,0.7365999999999999,0.1445296201621532,0.3804494920066205,169.4360758858594,155.17249240934942,500.0,14.0,48084.9172341469,25361.164022344517,0.7388528157674921,1.0666666666666667,0.9302700510249621,1.0,1.1088931822954942,81040.64030003399,24575.663840790767,1803.7543409380582,1564.8535045900267
38,535,5.6487023588974195,214449.95435128614,0,-0.7074279255583598,0.7365999999999999,0.14403982868746457,0.4434511723480277,171.73438394694003,162.46198334130256,508.0,12.0,47327.67444305798,21758.070720410997,0.766685330442129,1.0769230769230769,0.9353237809222416,1.0,1.1098878530179177,78572.63536087009,24135.974956523998,1780.9938628430064,1399.4595709862601
38,744,5.662275908730292,214483.31035155905,0,-4.0502454621265525,0.7365999999999999,0.14567579930680327,0.38269458839679316,169.4360758858594,155.37431866185483,500.0,14.0,48084.9172341469,25212.381521824533,0.7404023442529978,1.0666666666666667,0.9302700510249621,1.0,1.1065588925524183,81040.64030003399,24272.315834334357,1803.7543409380582,1559.2726050373062
38,637,5.5283420925192805,216357.59762021044,0,-0.806889428495702,0.7365999999999999,0.11421448616843591,0.4792537936490151,165.4282845643128,156.34925613809793,500.0,11.0,48084.9172341469,20132.635561490835,0.7744747495683301,1.0833333333333333,0.9353237809222416,1.0,1.1669725781909424,79784.60543478446,17134.202378886854,1803.7543409380582,1532.8647298232795
38,639,5.6487023588974195,227005.14185242582,0,-16.406489314824537,0.7365999999999999,0.1440377555664865,0.42825303806573806,200.80752768598893,165.4009837688874,594.0,13.0,42976.04310676186,28102.874024601944,0.6950484029463053,1.0714285714285714,0.9157846613433681,1.0,1.1098920595034796,77145.83294466793,39227.12877823101,1648.7371824045333,1449.9553757729425
38,567,5.852473979256924,228206.81834692383,0,-6.771109802589983,0.7365999999999999,0.11410050561367281,0.4792537936490151,175.12750018777425,156.68404876455486,500.0,12.0,48084.9172341469,20132.635561490835,0.7744446338251907,1.0769230769230769,0.9353237809222416,1.0,1.1671764123367727,82824.32282803915,18023.91466888955,1803.7543409380582,1524.0014205893901
38,757,5.629839590163388,231308.5994610694,0,-14.521831873599442,0.7365999999999999,0.11393307827062735,0.4963666490103403,200.13696908436123,167.4480435474052,594.0,11.0,40475.51955736272,24246.474261335363,0.7170896159397164,1.0833333333333333,0.904671804462765,1.0,1.1674756112871285,58731.18632111672,30755.43330217513,1571.5356478603373,1436.3055043849952
38,683,5.629839590163388,231820.77918570305,0,-14.23007156048299,0.7365999999999999,0.11999210008739213,0.49600410181309396,200.13696908436123,167.85779498826838,594.0,11.0,40475.51955736272,24264.196879463754,0.718786099093051,1.0833333333333333,0.904671804462765,1.0,1.15648752186038,58731.18632111672,30243.25357754147,1571.5356478603373,1426.789426008179
38,733,5.88219141442254,232205.87548437863,0,-5.72485620889741,0.7365999999999999,0.1314275786226567,0.49600410181309396,176.0167549116726,158.96769789395182,500.0,11.0,48084.9172341469,19452.746325540247,0.7852035754375666,1.0833333333333333,0.9264085970874162,1.0,1.1348942774055133,83103.01371977778,15192.80314707175,1803.7543409380582,1466.1743514584416
38,559,5.640487593875264,233821.42208849482,0,-13.702442436731516,0.7365999999999999,0.14403974516287096,0.49396610400463886,200.5154983755718,168.92280753401238,594.0,11.0,40475.51955736272,24364.305732406032,0.7255254045619064,1.0833333333333333,0.9157846613433681,1.0,1.109888022494868,58804.82549137439,28547.500795702625,1571.5356478603373,1402.635362505915
38,563,5.6613410368162915,236210.76883922695,0,-11.60152038967971,0.7365999999999999,0.1853721765230228,0.4792699567889241,201.2568240915803,172.602229729925,594.0,11.0,40475.51955736272,25111.40331025362,0.7334176441054323,1.0833333333333333,0.9137866018908068,1.0,1.0205570373923438,58949.04315665187,26755.262095701488,1571.5356478603373,1325.133042169342
38,731,5.670399533848439,237252.86270342185,0,-2.193860668193361,0.7365999999999999,0.1440377555664865,0.42825303806573806,172.39403119631814,160.8245380115048,508.0,13.0,50251.51497129242,22530.235891791755,0.7601013670415606,1.0714285714285714,0.9353237809222414,1.0,1.1098920595034796,103221.9198225709,26641.998315467194,1868.4850116518016,1410.1486869577518
38,498,5.641075861237999,237343.3349365132,0,-14.756167050331246,0.7365999999999999,0.1440377555664865,0.49396610400463886,200.53641088028948,167.45393228559814,594.0,11.0,42976.04310676186,24364.305732406032,0.7255247590580742,1.0833333333333333,0.9157846613433681,1.0,1.1098920595034796,77075.64624346705,28547.632187243325,1648.7371824045333,1402.6392163911094
38,571,5.903756053617,237667.25247465193,0,-19.43709521437234,0.7365999999999999,0.14069520739280716,0.4789951241970627,209.87451309426473,168.6591226938448,594.0,12.0,40475.51955736272,25125.811457035074,0.7180147807157886,1.0769230769230769,0.9118510540021287,1.0,1.1166342166625478,60625.53024082634,32239.980378786466,1571.5356478603373,1408.5391358806464
38,691,5.702981095601199,237925.96422892628,0,-20.041556793015683,0.7365999999999999,0.13242284604736737,0.30220352517754434,202.73709986573684,162.13577714913808,594.0,18.0,40475.51955736272,39824.62207329931,0.6100394779437148,1.0526315789473684,0.9118510540021287,1.0,1.1329648025278933,59237.01632621238,82704.79068940182,1571.5356478603373,1572.2559829347724
38,398,5.629839590163388,238632.855765719,0,-11.947843126630232,0.7365999999999999,0.1853721765230228,0.4792699567889241,200.13696908436123,171.13352733462082,594.0,11.0,42976.04310676186,25111.40331025362,0.7334176441054323,1.0833333333333333,0.9137866018908068,1.0,1.0205570373923438,76972.23877705926,26755.262095701488,1648.7371824045333,1325.133042169342
38,645,5.6613410368162915,239078.62915701335,0,-10.138556178918359,0.7365999999999999,0.198247277016953,0.5003253966816663,201.2568240915803,174.79533422222124,594.0,11.0,40475.51955736272,24054.627766720972,0.7466317704687728,1.0833333333333333,0.9189067911409701,1.0,0.9907864274342006,58949.04315665187,23887.401777915096,1571.5356478603373,1282.8821028898437
38,707,5.834313792462254,239978.75153719005,0,-14.88876710247391,0.7365999999999999,0.1853721765230228,0.4792699567889241,207.40588793162982,172.99859940535663,594.0,12.0,40475.51955736272,25111.40331025362,0.7334176441054323,1.0769230769230769,0.9137866018908068,1.0,1.0205570373923438,60145.28336726937,27940.103027170397,1571.5356478603373,1317.29201825118
39,701,5.670428237677538,202444.32874132306,0,-4.105294081248509,0.7365999999999999,0.11276557741514995,0.3804494920066205,172.39490386301114,158.00782658138672,508.0,14.0,47327.67444305798,25361.164022344517,0.7271454290896975,1.0666666666666667,0.9256705846099288,1.0,1.1695548239072064,78770.73638676005,37000.22150844815,1780.9938628430064,1505.8330841636796
39,576,5.8352486643762544,211137.48512619938,0,-5.880237809798805,0.7365999999999999,0.1445296201621532,0.3804494920066205,177.40584843798797,159.99771640308487,508.0,15.0,47327.67444305798,25361.164022344517,0.7369596355585566,1.0625,0.9353237809222416,1.0,1.1088931822954942,80273.60289665312,34820.87620844171,1780.9938628430064,1456.3780172004424
39,780,5.648306831389028,213934.30191444795,0,-3.7812138328844025,0.7365999999999999,0.14567579930680327,0.38269458839679316,169.01806982493952,155.37431866185483,500.0,14.0,48084.9172341469,25212.381521824533,0.7404023442529978,1.0666666666666667,0.9302700510249621,1.0,1.1065588925524183,80909.6379238428,24272.315834334357,1803.7543409380582,1559.2726050373062
39,717,5.662275908730292,214179.96234510266,0,-4.192082472247879,0.7365999999999999,0.1445296201621532,0.3804494920066205,169.4360758858594,155.17249240934942,500.0,14.0,48084.9172341469,25361.164022344517,0.7388528157674921,1.0666666666666667,0.9302700510249621,1.0,1.1088931822954942,81040.64030003399,24575.663840790767,1803.7543409380582,1564.8535045900267
39,535,5.6487023588974195,214449.95435128614,0,-0.7074279255583598,0.7365999999999999,0.14403982868746457,0.4434511723480277,171.73438394694003,162.46198334130256,508.0,12.0,47327.67444305798,21758.070720410997,0.766685330442129,1.0769230769230769,0.9353237809222416,1.0,1.1098878530179177,78572.63536087009,24135.974956523998,1780.9938628430064,1399.4595709862601
39,744,5.662275908730292,214483.31035155905,0,-4.0502454621265525,0.7365999999999999,0.14567579930680327,0.38269458839679316,169.4360758858594,155.37431866185483,500.0,14.0,48084.9172341469,25212.381521824533,0.7404023442529978,1.0666666666666667,0.9302700510249621,1.0,1.1065588925524183,81040.64030003399,24272.315834334357,1803.7543409380582,1559.2726050373062
39,637,5.5283420925192805,216357.59762021044,0,-0.806889428495702,0.7365999999999999,0.11421448616843591,0.4792537936490151,165.4282845643128,156.34925613809793,500.0,11.0,48084.9172341469,20132.635561490835,0.7744747495683301,1.0833333333333333,0.9353237809222416,1.0,1.1669725781909424,79784.60543478446,17134.202378886854,1803.7543409380582,1532.8647298232795
39,775,5.88219141442254,222598.32089805233,0,-5.457877515296284,0.7365999999999999,0.1314275786226567,0.443203486037572,178.8330229902594,161.90155651460393,508.0,13.0,47327.67444305798,21770.230318494385,0.7629280259461522,1.0714285714285714,0.9319004488322129,1.0,1.1348942774055133,80701.63653507952,25215.2486272866,1780.9938628430064,1412.0096876530617
39,766,5.629872264144378,225668.5370351213,0,-16.118240115095006,0.7365999999999999,0.14365845945872488,0.4251818929479562,200.13813062216678,165.24194079436884,594.0,13.0,42976.04310676186,28305.864805225,0.6933339544631585,1.0714285714285714,0.9157846613433681,1.0,1.1106611594244729,76972.53947589158,39721.04306293707,1648.7371824045333,1453.754565933405
39,639,5.6487023588974195,227005.14185242582,0,-16.406489314824537,0.7365999999999999,0.1440377555664865,0.42825303806573806,200.80752768598893,165.4009837688874,594.0,13.0,42976.04310676186,28102.874024601944,0.6950484029463053,1.0714285714285714,0.9157846613433681,1.0,1.1098920595034796,77145.83294466793,39227.12877823101,1648.7371824045333,1449.9553757729425
39,567,5.852473979256924,228206.81834692383,0,-6.771109802589983,0.7365999999999999,0.11410050561367281,0.4792537936490151,175.12750018777425,156.68404876455486,500.0,12.0,48084.9172341469,20132.635561490835,0.7744446338251907,1.0769230769230769,0.9353237809222416,1.0,1.1671764123367727,82824.32282803915,18023.91466888955,1803.7543409380582,1524.0014205893901
39,757,5.629839590163388,231308.5994610694,0,-14.521831873599442,0.7365999999999999,0.11393307827062735,0.4963666490103403,200.13696908436123,167.4480435474052,594.0,11.0,40475.51955736272,24246.474261335363,0.7170896159397164,1.0833333333333333,0.904671804462765,1.0,1.1674756112871285,58731.18632111672,30755.43330217513,1571.5356478603373,1436.3055043849952
39,683,5.629839590163388,231820.77918570305,0,-14.23007156048299,0.7365999999999999,0.11999210008739213,0.49600410181309396,200.13696908436123,167.85779498826838,594.0,11.0,40475.51955736272,24264.196879463754,0.718786099093051,1.0833333333333333,0.904671804462765,1.0,1.15648752186038,58731.18632111672,30243.25357754147,1571.5356478603373,1426.789426008179
39,733,5.88219141442254,232205.87548437863,0,-5.72485620889741,0.7365999999999999,0.1314275786226567,0.49600410181309396,176.0167549116726,158.96769789395182,500.0,11.0,48084.9172341469,19452.746325540247,0.7852035754375666,1.0833333333333333,0.9264085970874162,1.0,1.1348942774055133,83103.01371977778,15192.80314707175,1803.7543409380582,1466.1743514584416
39,559,5.640487593875264,233821.42208849482,0,-13.702442436731516,0.7365999999999999,0.14403974516287096,0.49396610400463886,200.5154983755718,168.92280753401238,594.0,11.0,40475.51955736272,24364.305732406032,0.7255254045619064,1.0833333333333333,0.9157846613433681,1.0,1.109888022494868,58804.82549137439,28547.500795702625,1571.5356478603373,1402.635362505915
39,563,5.6613410368162915,236210.76883922695,0,-11.60152038967971,0.7365999999999999,0.1853721765230228,0.4792699567889241,201.2568240915803,172.602229729925,594.0,11.0,40475.51955736272,25111.40331025362,0.7334176441054323,1.0833333333333333,0.9137866018908068,1.0,1.0205570373923438,58949.04315665187,26755.262095701488,1571.5356478603373,1325.133042169342
39,731,5.670399533848439,237252.86270342185,0,-2.193860668193361,0.7365999999999999,0.1440377555664865,0.42825303806573806,172.39403119631814,160.8245380115048,508.0,13.0,50251.51497129242,22530.235891791755,0.7601013670415606,1.0714285714285714,0.9353237809222414,1.0,1.1098920595034796,103221.9198225709,26641.998315467194,1868.4850116518016,1410.1486869577518
39,498,5.641075861237999,237343.3349365132,0,-14.756167050331246,0.7365999999999999,0.1440377555664865,0.49396610400463886,200.53641088028948,167.45393228559814,594.0,11.0,42976.04310676186,24364.305732406032,0.7255247590580742,1.0833333333333333,0.9157846613433681,1.0,1.1098920595034796,77075.64624346705,28547.632187243325,1648.7371824045333,1402.6392163911094
39,571,5.903756053617,237667.25247465193,0,-19.43709521437234,0.7365999999999999,0.14069520739280716,0.4789951241970627,209.87451309426473,168.6591226938448,594.0,12.0,40475.51955736272,25125.811457035074,0.7180147807157886,1.0769230769230769,0.9118510540021287,1.0,1.1166342166625478,60625.53024082634,32239.980378786466,1571.5356478603373,1408.5391358806464
39,691,5.702981095601199,237925.96422892628,0,-20.041556793015683,0.7365999999999999,0.13242284604736737,0.30220352517754434,202.73709986573684,162.13577714913808,594.0,18.0,40475.51955736272,39824.62207329931,0.6100394779437148,1.0526315789473684,0.9118510540021287,1.0,1.1329648025278933,59237.01632621238,82704.79068940182,1571.5356478603373,1572.2559829347724
40,701,5.670428237677538,202444.32874132306,0,-4.105294081248509,0.7365999999999999,0.11276557741514995,0.3804494920066205,172.39490386301114,158.00782658138672,508.0,14.0,47327.67444305798,25361.164022344517,0.7271454290896975,1.0666666666666667,0.9256705846099288,1.0,1.1695548239072064,78770.73638676005,37000.22150844815,1780.9938628430064,1505.8330841636796
40,576,5.8352486643762544,211137.48512619938,0,-5.880237809798805,0.7365999999999999,0.1445296201621532,0.3804494920066205,177.40584843798797,159.99771640308487,508.0,15.0,47327.67444305798,25361.164022344517,0.7369596355585566,1.0625,0.9353237809222416,1.0,1.1088931822954942,80273.60289665312,34820.87620844171,1780.9938628430064,1456.3780172004424
40,800,5.648289551934924,213583.05310950993,0,-3.959046459368013,0.7365999999999999,0.14386818347522878,0.3804494920066205,169.0175527602567,155.12025687861095,500.0,14.0,48084.9172341469,25361.164022344517,0.7386433982959267,1.0666666666666667,0.9302700510249621,1.0,1.1102360278970012,80909.4758766659,24622.885527412684,1803.7543409380582,1566.3044353579025
40,780,5.648306831389028,213934.30191444795,0,-3.7812138328844025,0.7365999999999999,0.14567579930680327,0.38269458839679316,169.01806982493952,155.37431866185483,500.0,14.0,48084.9172341469,25212.381521824533,0.7404023442529978,1.0666666666666667,0.9302700510249621,1.0,1.1065588925524183,80909.6379238428,24272.315834334357,1803.7543409380582,1559.2726050373062
40,717,5.662275908730292,214179.96234510266,0,-4.192082472247879,0.7365999999999999,0.1445296201621532,0.3804494920066205,169.4360758858594,155.17249240934942,500.0,14.0,48084.9172341469,25361.164022344517,0.7388528157674921,1.0666666666666667,0.9302700510249621,1.0,1.1088931822954942,81040.64030003399,24575.663840790767,1803.7543409380582,1564.8535045900267
40,535,5.6487023588974195,214449.95435128614,0,-0.7074279255583598,0.7365999999999999,0.14403982868746457,0.4434511723480277,171.73438394694003,162.46198334130256,508.0,12.0,47327.67444305798,21758.070720410997,0.766685330442129,1.0769230769230769,0.9353237809222416,1.0,1.1098878530179177,78572.63536087009,24135.974956523998,1780.9938628430064,1399.4595709862601
40,744,5.662275908730292,214483.31035155905,0,-4.0502454621265525,0.7365999999999999,0.14567579930680327,0.38269458839679316,169.4360758858594,155.37431866185483,500.0,14.0,48084.9172341469,25212.381521824533,0.7404023442529978,1.0666666666666667,0.9302700510249621,1.0,1.1065588925524183,81040.64030003399,24272.315834334357,1803.7543409380582,1559.2726050373062
40,637,5.5283420925192805,216357.59762021044,0,-0.806889428495702,0.7365999999999999,0.11421448616843591,0.4792537936490151,165.4282845643128,156.34925613809793,500.0,11.0,48084.9172341469,20132.635561490835,0.7744747495683301,1.0833333333333333,0.9353237809222416,1.0,1.1669725781909424,79784.60543478446,17134.202378886854,1803.7543409380582,1532.8647298232795
40,775,5.88219141442254,222598.32089805233,0,-5.457877515296284,0.7365999999999999,0.1314275786226567,0.443203486037572,178.8330229902594,161.90155651460393,508.0,13.0,47327.67444305798,21770.230318494385,0.7629280259461522,1.0714285714285714,0.9319004488322129,1.0,1.1348942774055133,80701.63653507952,25215.2486272866,1780.9938628430064,1412.0096876530617
40,766,5.629872264144378,225668.5370351213,0,-16.118240115095006,0.7365999999999999,0.14365845945872488,0.4251818929479562,200.13813062216678,165.24194079436884,594.0,13.0,42976.04310676186,28305.864805225,0.6933339544631585,1.0714285714285714,0.9157846613433681,1.0,1.1106611594244729,76972.53947589158,39721.04306293707,1648.7371824045333,1453.754565933405
40,639,5.6487023588974195,227005.14185242582,0,-16.406489314824537,0.7365999999999999,0.1440377555664865,0.42825303806573806,200.80752768598893,165.4009837688874,594.0,13.0,42976.04310676186,28102.874024601944,0.6950484029463053,1.0714285714285714,0.9157846613433681,1.0,1.1098920595034796,77145.83294466793,39227.12877823101,1648.7371824045333,1449.9553757729425
40,567,5.852473979256924,228206.81834692383,0,-6.771109802589983,0.7365999999999999,0.11410050561367281,0.4792537936490151,175.12750018777425,156.68404876455486,500.0,12.0,48084.9172341469,20132.635561490835,0.7744446338251907,1.0769230769230769,0.9353237809222416,1.0,1.1671764123367727,82824.32282803915,18023.91466888955,1803.7543409380582,1524.0014205893901
40,782,5.5283420925192805,228336.02554636955,0,-13.874485923238808,0.7365999999999999,0.11421448616843591,0.4791714761161442,196.52880206240363,165.3246283557506,594.0,11.0,42976.04310676186,25116.56427666273,0.7096882660191617,1.0833333333333333,0.904671804462765,1.0,1.1669725781909424,76038.15673076334,32509.84324679739,1648.7371824045333,1451.7768588946813
40,757,5.629839590163388,231308.5994610694,0,-14.521831873599442,0.7365999999999999,0.11393307827062735,0.4963666490103403,200.13696908436123,167.4480435474052,594.0,11.0,40475.51955736272,24246.474261335363,0.7170896159397164,1.0833333333333333,0.904671804462765,1.0,1.1674756112871285,58731.18632111672,30755.43330217513,1571.5356478603373,1436.3055043849952
40,683,5.629839590163388,231820.77918570305,0,-14.23007156048299,0.7365999999999999,0.11999210008739213,0.49600410181309396,200.13696908436123,167.85779498826838,594.0,11.0,40475.51955736272,24264.196879463754,0.718786099093051,1.0833333333333333,0.904671804462765,1.0,1.15648752186038,58731.18632111672,30243.25357754147,1571.5356478603373,1426.789426008179
40,733,5.88219141442254,232205.87548437863,0,-5.72485620889741,0.7365999999999999,0.1314275786226567,0.49600410181309396,176.0167549116726,158.96769789395182,500.0,11.0,48084.9172341469,19452.746325540247,0.7852035754375666,1.0833333333333333,0.9264085970874162,1.0,1.1348942774055133,83103.01371977778,15192.80314707175,1803.7543409380582,1466.1743514584416
40,559,5.640487593875264,233821.42208849482,0,-13.702442436731516,0.7365999999999999,0.14403974516287096,0.49396610400463886,200.5154983755718,168.92280753401238,594.0,11.0,40475.51955736272,24364.305732406032,0.7255254045619064,1.0833333333333333,0.9157846613433681,1.0,1.109888022494868,58804.82549137439,28547.500795702625,1571.5356478603373,1402.635362505915
40,563,5.6613410368162915,236210.76883922695,0,-11.60152038967971,0.7365999999999999,0.1853721765230228,0.4792699567889241,201.2568240915803,172.602229729925,594.0,11.0,40475.51955736272,25111.40331025362,0.7334176441054323,1.0833333333333333,0.9137866018908068,1.0,1.0205570373923438,58949.04315665187,26755.262095701488,1571.5356478603373,1325.133042169342
40,790,5.849235021171622,236681.5283568264,0,-6.957350525391622,0.7365999999999999,0.1445296201621532,0.3804494920066205,177.8310679336003,158.8382246445433,508.0,15.0,50251.51497129242,25361.164022344517,0.7369596355585566,1.0625,0.9353237809222416,1.0,1.1088931822954942,105392.4266316678,34820.87620844171,1868.4850116518016,1456.3780172004424
40,797,5.640487593875264,237207.51977888893,0,-14.77821794517607,0.7365999999999999,0.14403974516287096,0.49279578547926195,200.5154983755718,167.4056450458715,594.0,11.0,42976.04310676186,24422.16742521424,0.7250342136594439,1.0833333333333333,0.9157846613433682,1.0,1.109888022494868,77070.23241559241,28657.121012275304,1648.7371824045333,1403.7166452929462
41,701,5.670428237677538,202444.32874132306,0,-4.105294081248509,0.7365999999999999,0.11276557741514995,0.3804494920066205,172.39490386301114,158.00782658138672,508.0,14.0,47327.67444305798,25361.164022344517,0.7271454290896975,1.0666666666666667,0.9256705846099288,1.0,1.1695548239072064,78770.73638676005,37000.22150844815,1780.9938628430064,1505.8330841636796
41,576,5.8352486643762544,211137.48512619938,0,-5.880237809798805,0.7365999999999999,0.1445296201621532,0.3804494920066205,177.40584843798797,159.99771640308487,508.0,15.0,47327.67444305798,25361.164022344517,0.7369596355585566,1.0625,0.9353237809222416,1.0,1.1088931822954942,80273.60289665312,34820.87620844171,1780.9938628430064,1456.3780172004424
41,800,5.648289551934924,213583.05310950993,0,-3.959046459368013,0.7365999999999999,0.14386818347522878,0.3804494920066205,169.0175527602567,155.12025687861095,500.0,14.0,48084.9172341469,25361.164022344517,0.7386433982959267,1.0666666666666667,0.9302700510249621,1.0,1.1102360278970012,80909.4758766659,24622.885527412684,1803.7543409380582,1566.3044353579025
41,813,5.648365111237419,213586.53206770847,0,-3.9601112813193566,0.7365999999999999,0.14387528226312557,0.3804494920066205,169.01981377189193,155.12081603469278,500.0,14.0,48084.9172341469,25361.164022344517,0.7386456445247922,1.0666666666666667,0.9302700510249621,1.0,1.1102216324665442,80910.18447380004,24622.376177983497,1803.7543409380582,1566.2888895995723
41,780,5.648306831389028,213934.30191444795,0,-3.7812138328844025,0.7365999999999999,0.14567579930680327,0.38269458839679316,169.01806982493952,155.37431866185483,500.0,14.0,48084.9172341469,25212.381521824533,0.7404023442529978,1.0666666666666667,0.9302700510249621,1.0,1.1065588925524183,80909.6379238428,24272.315834334357,1803.7543409380582,1559.2726050373062
41,717,5.662275908730292,214179.96234510266,0,-4.192082472247879,0.7365999999999999,0.1445296201621532,0.3804494920066205,169.4360758858594,155.17249240934942,500.0,14.0,48084.9172341469,25361.164022344517,0.7388528157674921,1.0666666666666667,0.9302700510249621,1.0,1.1088931822954942,81040.64030003399,24575.663840790767,1803.7543409380582,1564.8535045900267
41,535,5.6487023588974195,214449.95435128614,0,-0.7074279255583598,0.7365999999999999,0.14403982868746457,0.4434511723480277,171.73438394694003,162.46198334130256,508.0,12.0,47327.67444305798,21758.070720410997,0.766685330442129,1.0769230769230769,0.9353237809222416,1.0,1.1098878530179177,78572.63536087009,24135.974956523998,1780.9938628430064,1399.4595709862601
41,744,5.662275908730292,214483.31035155905,0,-4.0502454621265525,0.7365999999999999,0.14567579930680327,0.38269458839679316,169.4360758858594,155.37431866185483,500.0,14.0,48084.9172341469,25212.381521824533,0.7404023442529978,1.0666666666666667,0.9302700510249621,1.0,1.1065588925524183,81040.64030003399,24272.315834334357,1803.7543409380582,1559.2726050373062
41,637,5.5283420925192805,216357.59762021044,0,-0.806889428495702,0.7365999999999999,0.11421448616843591,0.4792537936490151,165.4282845643128,156.34925613809793,500.0,11.0,48084.9172341469,20132.635561490835,0.7744747495683301,1.0833333333333333,0.9353237809222416,1.0,1.1669725781909424,79784.60543478446,17134.202378886854,1803.7543409380582,1532.8647298232795
41,775,5.88219141442254,222598.32089805233,0,-5.457877515296284,0.7365999999999999,0.1314275786226567,0.443203486037572,178.8330229902594,161.90155651460393,508.0,13.0,47327.67444305798,21770.230318494385,0.7629280259461522,1.0714285714285714,0.9319004488322129,1.0,1.1348942774055133,80701.63653507952,25215.2486272866,1780.9938628430064,1412.0096876530617
41,766,5.629872264144378,225668.5370351213,0,-16.118240115095006,0.7365999999999999,0.14365845945872488,0.4251818929479562,200.13813062216678,165.24194079436884,594.0,13.0,42976.04310676186,28305.864805225,0.6933339544631585,1.0714285714285714,0.9157846613433681,1.0,1.1106611594244729,76972.53947589158,39721.04306293707,1648.7371824045333,1453.754565933405
41,639,5.6487023588974195,227005.14185242582,0,-16.406489314824537,0.7365999999999999,0.1440377555664865,0.42825303806573806,200.80752768598893,165.4009837688874,594.0,13.0,42976.04310676186,28102.874024601944,0.6950484029463053,1.0714285714285714,0.9157846613433681,1.0,1.1098920595034796,77145.83294466793,39227.12877823101,1648.7371824045333,1449.9553757729425
41,567,5.852473979256924,228206.81834692383,0,-6.771109802589983,0.7365999999999999,0.11410050561367281,0.4792537936490151,175.12750018777425,156.68404876455486,500.0,12.0,48084.9172341469,20132.635561490835,0.7744446338251907,1.0769230769230769,0.9353237809222416,1.0,1.1671764123367727,82824.32282803915,18023.91466888955,1803.7543409380582,1524.0014205893901
41,782,5.5283420925192805,228336.02554636955,0,-13.874485923238808,0.7365999999999999,0.11421448616843591,0.4791714761161442,196.52880206240363,165.3246283557506,594.0,11.0,42976.04310676186,25116.56427666273,0.7096882660191617,1.0833333333333333,0.904671804462765,1.0,1.1669725781909424,76038.15673076334,32509.84324679739,1648.7371824045333,1451.7768588946813
41,757,5.629839590163388,231308.5994610694,0,-14.521831873599442,0.7365999999999999,0.11393307827062735,0.4963666490103403,200.13696908436123,167.4480435474052,594.0,11.0,40475.51955736272,24246.474261335363,0.7170896159397164,1.0833333333333333,0.904671804462765,1.0,1.1674756112871285,58731.18632111672,30755.43330217513,1571.5356478603373,1436.3055043849952
41,683,5.629839590163388,231820.77918570305,0,-14.23007156048299,0.7365999999999999,0.11999210008739213,0.49600410181309396,200.13696908436123,167.85779498826838,594.0,11.0,40475.51955736272,24264.196879463754,0.718786099093051,1.0833333333333333,0.904671804462765,1.0,1.15648752186038,58731.18632111672,30243.25357754147,1571.5356478603373,1426.789426008179
41,733,5.88219141442254,232205.87548437863,0,-5.72485620889741,0.7365999999999999,0.1314275786226567,0.49600410181309396,176.0167549116726,158.96769789395182,500.0,11.0,48084.9172341469,19452.746325540247,0.7852035754375666,1.0833333333333333,0.9264085970874162,1.0,1.1348942774055133,83103.01371977778,15192.80314707175,1803.7543409380582,1466.1743514584416
41,559,5.640487593875264,233821.42208849482,0,-13.702442436731516,0.7365999999999999,0.14403974516287096,0.49396610400463886,200.5154983755718,168.92280753401238,594.0,11.0,40475.51955736272,24364.305732406032,0.7255254045619064,1.0833333333333333,0.9157846613433681,1.0,1.109888022494868,58804.82549137439,28547.500795702625,1571.5356478603373,1402.635362505915
41,563,5.6613410368162915,236210.76883922695,0,-11.60152038967971,0.7365999999999999,0.1853721765230228,0.4792699567889241,201.2568240915803,172.602229729925,594.0,11.0,40475.51955736272,25111.40331025362,0.7334176441054323,1.0833333333333333,0.9137866018908068,1.0,1.0205570373923438,58949.04315665187,26755.262095701488,1571.5356478603373,1325.133042169342
41,790,5.849235021171622,236681.5283568264,0,-6.957350525391622,0.7365999999999999,0.1445296201621532,0.3804494920066205,177.8310679336003,158.8382246445433,508.0,15.0,50251.51497129242,25361.164022344517,0.7369596355585566,1.0625,0.9353237809222416,1.0,1.1088931822954942,105392.4266316678,34820.87620844171,1868.4850116518016,1456.3780172004424
42,701,5.670428237677538,202444.32874132306,0,-4.105294081248509,0.7365999999999999,0.11276557741514995,0.3804494920066205,172.39490386301114,158.00782658138672,508.0,14.0,47327.67444305798,25361.164022344517,0.7271454290896975,1.0666666666666667,0.9256705846099288,1.0,1.1695548239072064,78770.73638676005,37000.22150844815,1780.9938628430064,1505.8330841636796
42,576,5.8352486643762544,211137.48512619938,0,-5.880237809798805,0.7365999999999999,0.1445296201621532,0.3804494920066205,177.40584843798797,159.99771640308487,508.0,15.0,47327.67444305798,25361.164022344517,0.7369596355585566,1.0625,0.9353237809222416,1.0,1.1088931822954942,80273.60289665312,34820.87620844171,1780.9938628430064,1456.3780172004424
42,835,5.88219141442254,213101.15444311182,0,-7.312014663064506,0.7365999999999999,0.1314275786226567,0.38174787962668166,178.8330229902594,159.22875529101458,508.0,15.0,47327.67444305798,25274.906512730704,0.7335389308598479,1.0625,0.9319004488322129,1.0,1.1348942774055133,80701.63653507952,34712.415082227104,1780.9938628430064,1475.0990799224287
42,800,5.648289551934924,213583.05310950993,0,-3.959046459368013,0.7365999999999999,0.14386818347522878,0.3804494920066205,169.0175527602567,155.12025687861095,500.0,14.0,48084.9172341469,25361.164022344517,0.7386433982959267,1.0666666666666667,0.9302700510249621,1.0,1.1102360278970012,80909.4758766659,24622.885527412684,1803.7543409380582,1566.3044353579025
42,813,5.648365111237419,213586.53206770847,0,-3.9601112813193566,0.7365999999999999,0.14387528226312557,0.3804494920066205,169.01981377189193,155.12081603469278,500.0,14.0,48084.9172341469,25361.164022344517,0.7386456445247922,1.0666666666666667,0.9302700510249621,1.0,1.1102216324665442,80910.18447380004,24622.376177983497,1803.7543409380582,1566.2888895995723
42,780,5.648306831389028,213934.30191444795,0,-3.7812138328844025,0.7365999999999999,0.14567579930680327,0.38269458839679316,169.01806982493952,155.37431866185483,500.0,14.0,48084.9172341469,25212.381521824533,0.7404023442529978,1.0666666666666667,0.9302700510249621,1.0,1.1065588925524183,80909.6379238428,24272.315834334357,1803.7543409380582,1559.2726050373062
42,717,5.662275908730292,214179.96234510266,0,-4.192082472247879,0.7365999999999999,0.1445296201621532,0.3804494920066205,169.4360758858594,155.17249240934942,500.0,14.0,48084.9172341469,25361.164022344517,0.7388528157674921,1.0666666666666667,0.9302700510249621,1.0,1.1088931822954942,81040.64030003399,24575.663840790767,1803.7543409380582,1564.8535045900267
42,535,5.6487023588974195,214449.95435128614,0,-0.7074279255583598,0.7365999999999999,0.14403982868746457,0.4434511723480277,171.73438394694003,162.46198334130256,508.0,12.0,47327.67444305798,21758.070720410997,0.766685330442129,1.0769230769230769,0.9353237809222416,1.0,1.1098878530179177,78572.63536087009,24135.974956523998,1780.9938628430064,1399.4595709862601
42,744,5.662275908730292,214483.31035155905,0,-4.0502454621265525,0.7365999999999999,0.14567579930680327,0.38269458839679316,169.4360758858594,155.37431866185483,500.0,14.0,48084.9172341469,25212.381521824533,0.7404023442529978,1.0666666666666667,0.9302700510249621,1.0,1.1065588925524183,81040.64030003399,24272.315834334357,1803.7543409380582,1559.2726050373062
42,637,5.5283420925192805,216357.59762021044,0,-0.806889428495702,0.7365999999999999,0.11421448616843591,0.4792537936490151,165.4282845643128,156.34925613809793,500.0,11.0,48084.9172341469,20132.635561490835,0.7744747495683301,1.0833333333333333,0.9353237809222416,1.0,1.1669725781909424,79784.60543478446,17134.202378886854,1803.7543409380582,1532.8647298232795
42,775,5.88219141442254,222598.32089805233,0,-5.457877515296284,0.7365999999999999,0.1314275786226567,0.443203486037572,178.8330229902594,161.90155651460393,508.0,13.0,47327.67444305798,21770.230318494385,0.7629280259461522,1.0714285714285714,0.9319004488322129,1.0,1.1348942774055133,80701.63653507952,25215.2486272866,1780.9938628430064,1412.0096876530617
42,766,5.629872264144378,225668.5370351213,0,-16.118240115095006,0.7365999999999999,0.14365845945872488,0.4251818929479562,200.13813062216678,165.24194079436884,594.0,13.0,42976.04310676186,28305.864805225,0.6933339544631585,1.0714285714285714,0.9157846613433681,1.0,1.1106611594244729,76972.53947589158,39721.04306293707,1648.7371824045333,1453.754565933405
42,837,5.670428237677538,226895.86055237774,0,-4.911848320050902,0.7365999999999999,0.11276557741514995,0.3804494920066205,172.39490386301114,156.84833482284515,508.0,14.0,50251.51497129242,25361.164022344517,0.7271454290896975,1.0666666666666667,0.9256705846099288,1.0,1.1695548239072064,103222.26819781476,37000.22150844815,1868.4850116518016,1505.8330841636796
42,639,5.6487023588974195,227005.14185242582,0,-16.406489314824537,0.7365999999999999,0.1440377555664865,0.42825303806573806,200.80752768598893,165.4009837688874,594.0,13.0,42976.04310676186,28102.874024601944,0.6950484029463053,1.0714285714285714,0.9157846613433681,1.0,1.1098920595034796,77145.83294466793,39227.12877823101,1648.7371824045333,1449.9553757729425
42,567,5.852473979256924,228206.81834692383,0,-6.771109802589983,0.7365999999999999,0.11410050561367281,0.4792537936490151,175.12750018777425,156.68404876455486,500.0,12.0,48084.9172341469,20132.635561490835,0.7744446338251907,1.0769230769230769,0.9353237809222416,1.0,1.1671764123367727,82824.32282803915,18023.91466888955,1803.7543409380582,1524.0014205893901
42,782,5.5283420925192805,228336.02554636955,0,-13.874485923238808,0.7365999999999999,0.11421448616843591,0.4791714761161442,196.52880206240363,165.3246283557506,594.0,11.0,42976.04310676186,25116.56427666273,0.7096882660191617,1.0833333333333333,0.904671804462765,1.0,1.1669725781909424,76038.15673076334,32509.84324679739,1648.7371824045333,1451.7768588946813
42,757,5.629839590163388,231308.5994610694,0,-14.521831873599442,0.7365999999999999,0.11393307827062735,0.4963666490103403,200.13696908436123,167.4480435474052,594.0,11.0,40475.51955736272,24246.474261335363,0.7170896159397164,1.0833333333333333,0.904671804462765,1.0,1.1674756112871285,58731.18632111672,30755.43330217513,1571.5356478603373,1436.3055043849952
42,683,5.629839590163388,231820.77918570305,0,-14.23007156048299,0.7365999999999999,0.11999210008739213,0.49600410181309396,200.13696908436123,167.85779498826838,594.0,11.0,40475.51955736272,24264.196879463754,0.718786099093051,1.0833333333333333,0.904671804462765,1.0,1.15648752186038,58731.18632111672,30243.25357754147,1571.5356478603373,1426.789426008179
42,733,5.88219141442254,232205.87548437863,0,-5.72485620889741,0.7365999999999999,0.1314275786226567,0.49600410181309396,176.0167549116726,158.96769789395182,500.0,11.0,48084.9172341469,19452.746325540247,0.7852035754375666,1.0833333333333333,0.9264085970874162,1.0,1.1348942774055133,83103.01371977778,15192.80314707175,1803.7543409380582,1466.1743514584416
42,559,5.640487593875264,233821.42208849482,0,-13.702442436731516,0.7365999999999999,0.14403974516287096,0.49396610400463886,200.5154983755718,168.92280753401238,594.0,11.0,40475.51955736272,24364.305732406032,0.7255254045619064,1.0833333333333333,0.9157846613433681,1.0,1.109888022494868,58804.82549137439,28547.500795702625,1571.5356478603373,1402.635362505915
43,701,5.670428237677538,202444.32874132306,0,-4.105294081248509,0.7365999999999999,0.11276557741514995,0.3804494920066205,172.39490386301114,158.00782658138672,508.0,14.0,47327.67444305798,25361.164022344517,0.7271454290896975,1.0666666666666667,0.9256705846099288,1.0,1.1695548239072064,78770.73638676005,37000.22150844815,1780.9938628430064,1505.8330841636796
43,576,5.8352486643762544,211137.48512619938,0,-5.880237809798805,0.7365999999999999,0.1445296201621532,0.3804494920066205,177.40584843798797,159.99771640308487,508.0,15.0,47327.67444305798,25361.164022344517,0.7369596355585566,1.0625,0.9353237809222416,1.0,1.1088931822954942,80273.60289665312,34820.87620844171,1780.9938628430064,1456.3780172004424
43,857,5.88219141442254,212093.56575377,0,-7.570634977336557,0.7365999999999999,0.13109361714398188,0.3752269779463185,178.8330229902594,158.86294238836194,508.0,15.0,47327.67444305798,25714.147798770286,0.7298948197519327,1.0625,0.9319004488322129,1.0,1.1355399679971043,80701.63653507952,35720.003771568925,1780.9938628430064,1484.1751151144654
43,835,5.88219141442254,213101.15444311182,0,-7.312014663064506,0.7365999999999999,0.1314275786226567,0.38174787962668166,178.8330229902594,159.22875529101458,508.0,15.0,47327.67444305798,25274.906512730704,0.7335389308598479,1.0625,0.9319004488322129,1.0,1.1348942774055133,80701.63653507952,34712.415082227104,1780.9938628430064,1475.0990799224287
43,800,5.648289551934924,213583.05310950993,0,-3.959046459368013,0.7365999999999999,0.14386818347522878,0.3804494920066205,169.0175527602567,155.12025687861095,500.0,14.0,48084.9172341469,25361.164022344517,0.7386433982959267,1.0666666666666667,0.9302700510249621,1.0,1.1102360278970012,80909.4758766659,24622.885527412684,1803.7543409380582,1566.3044353579025
43,813,5.648365111237419,213586.53206770847,0,-3.9601112813193566,0.7365999999999999,0.14387528226312557,0.3804494920066205,169.01981377189193,155.12081603469278,500.0,14.0,48084.9172341469,25361.164022344517,0.7386456445247922,1.0666666666666667,0.9302700510249621,1.0,1.1102216324665442,80910.18447380004,24622.376177983497,1803.7543409380582,1566.2888895995723
43,780,5.648306831389028,213934.30191444795,0,-3.7812138328844025,0.7365999999999999,0.14567579930680327,0.38269458839679316,169.01806982493952,155.37431866185483,500.0,14.0,48084.9172341469,25212.381521824533,0.7404023442529978,1.0666666666666667,0.9302700510249621,1.0,1.1065588925524183,80909.6379238428,24272.315834334357,1803.7543409380582,1559.2726050373062
43,717,5.662275908730292,214179.96234510266,0,-4.192082472247879,0.7365999999999999,0.1445296201621532,0.3804494920066205,169.4360758858594,155.17249240934942,500.0,14.0,48084.9172341469,25361.164022344517,0.7388528157674921,1.0666666666666667,0.9302700510249621,1.0,1.1088931822954942,81040.64030003399,24575.663840790767,1803.7543409380582,1564.8535045900267
43,535,5.6487023588974195,214449.95435128614,0,-0.7074279255583598,0.7365999999999999,0.14403982868746457,0.4434511723480277,171.73438394694003,162.46198334130256,508.0,12.0,47327.67444305798,21758.070720410997,0.766685330442129,1.0769230769230769,0.9353237809222416,1.0,1.1098878530179177,78572.63536087009,24135.974956523998,1780.9938628430064,1399.4595709862601
43,744,5.662275908730292,214483.31035155905,0,-4.0502454621265525,0.7365999999999999,0.14567579930680327,0.38269458839679316,169.4360758858594,155.37431866185483,500.0,14.0,48084.9172341469,25212.381521824533,0.7404023442529978,1.0666666666666667,0.9302700510249621,1.0,1.1065588925524183,81040.64030003399,24272.315834334357,1803.7543409380582,1559.2726050373062
43,637,5.5283420925192805,216357.59762021044,0,-0.806889428495702,0.7365999999999999,0.11421448616843591,0.4792537936490151,165.4282845643128,156.34925613809793,500.0,11.0,48084.9172341469,20132.635561490835,0.7744747495683301,1.0833333333333333,0.9353237809222416,1.0,1.1669725781909424,79784.60543478446,17134.202378886854,1803.7543409380582,1532.8647298232795
43,775,5.88219141442254,222598.32089805233,0,-5.457877515296284,0.7365999999999999,0.1314275786226567,0.443203486037572,178.8330229902594,161.90155651460393,508.0,13.0,47327.67444305798,21770.230318494385,0.7629280259461522,1.0714285714285714,0.9319004488322129,1.0,1.1348942774055133,80701.63653507952,25215.2486272866,1780.9938628430064,1412.0096876530617
43,766,5.629872264144378,225668.5370351213,0,-16.118240115095006,0.7365999999999999,0.14365845945872488,0.4251818929479562,200.13813062216678,165.24194079436884,594.0,13.0,42976.04310676186,28305.864805225,0.6933339544631585,1.0714285714285714,0.9157846613433681,1.0,1.1106611594244729,76972.53947589158,39721.04306293707,1648.7371824045333,1453.754565933405
43,837,5.670428237677538,226895.86055237774,0,-4.911848320050902,0.7365999999999999,0.11276557741514995,0.3804494920066205,172.39490386301114,156.84833482284515,508.0,14.0,50251.51497129242,25361.164022344517,0.7271454290896975,1.0666666666666667,0.9256705846099288,1.0,1.1695548239072064,103222.26819781476,37000.22150844815,1868.4850116518016,1505.8330841636796
43,639,5.6487023588974195,227005.14185242582,0,-16.406489314824537,0.7365999999999999,0.1440377555664865,0.42825303806573806,200.80752768598893,165.4009837688874,594.0,13.0,42976.04310676186,28102.874024601944,0.6950484029463053,1.0714285714285714,0.9157846613433681,1.0,1.1098920595034796,77145.83294466793,39227.12877823101,1648.7371824045333,1449.9553757729425
43,567,5.852473979256924,228206.81834692383,0,-6.771109802589983,0.7365999999999999,0.11410050561367281,0.4792537936490151,175.12750018777425,156.68404876455486,500.0,12.0,48084.9172341469,20132.635561490835,0.7744446338251907,1.0769230769230769,0.9353237809222416,1.0,1.1671764123367727,82824.32282803915,18023.91466888955,1803.7543409380582,1524.0014205893901
43,782,5.5283420925192805,228336.02554636955,0,-13.874485923238808,0.7365999999999999,0.11421448616843591,0.4791714761161442,196.52880206240363,165.3246283557506,594.0,11.0,42976.04310676186,25116.56427666273,0.7096882660191617,1.0833333333333333,0.904671804462765,1.0,1.1669725781909424,76038.15673076334,32509.84324679739,1648.7371824045333,1451.7768588946813
43,852,5.5283420925192805,229758.55740590498,0,-13.582706111389573,0.7365999999999999,0.12337848663777884,0.4792537936490151,196.52880206240363,165.73141945149752,594.0,11.0,42976.04310676186,25112.250208348934,0.7125779171254554,1.0833333333333333,0.90815460723768,1.0,1.1502064356464463,76038.15673076334,31087.311387261972,1648.7371824045333,1442.125131064445
43,757,5.629839590163388,231308.5994610694,0,-14.521831873599442,0.7365999999999999,0.11393307827062735,0.4963666490103403,200.13696908436123,167.4480435474052,594.0,11.0,40475.51955736272,24246.474261335363,0.7170896159397164,1.0833333333333333,0.904671804462765,1.0,1.1674756112871285,58731.18632111672,30755.43330217513,1571.5356478603373,1436.3055043849952
43,683,5.629839590163388,231820.77918570305,0,-14.23007156048299,0.7365999999999999,0.11999210008739213,0.49600410181309396,200.13696908436123,167.85779498826838,594.0,11.0,40475.51955736272,24264.196879463754,0.718786099093051,1.0833333333333333,0.904671804462765,1.0,1.15648752186038,58731.18632111672,30243.25357754147,1571.5356478603373,1426.789426008179
44,701,5.670428237677538,202444.32874132306,0,-4.105294081248509,0.7365999999999999,0.11276557741514995,0.3804494920066205,172.39490386301114,158.00782658138672,508.0,14.0,47327.67444305798,25361.164022344517,0.7271454290896975,1.0666666666666667,0.9256705846099288,1.0,1.1695548239072064,78770.73638676005,37000.22150844815,1780.9938628430064,1505.8330841636796
44,873,5.88219141442254,210686.13755309663,0,-7.730590652258545,0.7365999999999999,0.1255872435326874,0.37479388912923567,178.8330229902594,158.63752860295733,508.0,15.0,47327.67444305798,25743.86148988285,0.7279437374103197,1.0625,0.928689987854111,1.0,1.1460573938435863,80701.63653507952,37127.4319722423,1780.9938628430064,1489.8235909965556
44,576,5.8352486643762544,211137.48512619938,0,-5.880237809798805,0.7365999999999999,0.1445296201621532,0.3804494920066205,177.40584843798797,159.99771640308487,508.0,15.0,47327.67444305798,25361.164022344517,0.7369596355585566,1.0625,0.9353237809222416,1.0,1.1088931822954942,80273.60289665312,34820.87620844171,1780.9938628430064,1456.3780172004424
44,857,5.88219141442254,212093.56575377,0,-7.570634977336557,0.7365999999999999,0.13109361714398188,0.3752269779463185,178.8330229902594,158.86294238836194,508.0,15.0,47327.67444305798,25714.147798770286,0.7298948197519327,1.0625,0.9319004488322129,1.0,1.1355399679971043,80701.63653507952,35720.003771568925,1780.9938628430064,1484.1751151144654
44,835,5.88219141442254,213101.15444311182,0,-7.312014663064506,0.7365999999999999,0.1314275786226567,0.38174787962668166,178.8330229902594,159.22875529101458,508.0,15.0,47327.67444305798,25274.906512730704,0.7335389308598479,1.0625,0.9319004488322129,1.0,1.1348942774055133,80701.63653507952,34712.415082227104,1780.9938628430064,1475.0990799224287
44,800,5.648289551934924,213583.05310950993,0,-3.959046459368013,0.7365999999999999,0.14386818347522878,0.3804494920066205,169.0175527602567,155.12025687861095,500.0,14.0,48084.9172341469,25361.164022344517,0.7386433982959267,1.0666666666666667,0.9302700510249621,1.0,1.1102360278970012,80909.4758766659,24622.885527412684,1803.7543409380582,1566.3044353579025
44,813,5.648365111237419,213586.53206770847,0,-3.9601112813193566,0.7365999999999999,0.14387528226312557,0.3804494920066205,169.01981377189193,155.12081603469278,500.0,14.0,48084.9172341469,25361.164022344517,0.7386456445247922,1.0666666666666667,0.9302700510249621,1.0,1.1102216324665442,80910.18447380004,24622.376177983497,1803.7543409380582,1566.2888895995723
44,780,5.648306831389028,213934.30191444795,0,-3.7812138328844025,0.7365999999999999,0.14567579930680327,0.38269458839679316,169.01806982493952,155.37431866185483,500.0,14.0,48084.9172341469,25212.381521824533,0.7404023442529978,1.0666666666666667,0.9302700510249621,1.0,1.1065588925524183,80909.6379238428,24272.315834334357,1803.7543409380582,1559.2726050373062
44,717,5.662275908730292,214179.96234510266,0,-4.192082472247879,0.7365999999999999,0.1445296201621532,0.3804494920066205,169.4360758858594,155.17249240934942,500.0,14.0,48084.9172341469,25361.164022344517,0.7388528157674921,1.0666666666666667,0.9302700510249621,1.0,1.1088931822954942,81040.64030003399,24575.663840790767,1803.7543409380582,1564.8535045900267
44,535,5.6487023588974195,214449.95435128614,0,-0.7074279255583598,0.7365999999999999,0.14403982868746457,0.4434511723480277,171.73438394694003,162.46198334130256,508.0,12.0,47327.67444305798,21758.070720410997,0.766685330442129,1.0769230769230769,0.9353237809222416,1.0,1.1098878530179177,78572.63536087009,24135.974956523998,1780.9938628430064,1399.4595709862601
44,744,5.662275908730292,214483.31035155905,0,-4.0502454621265525,0.7365999999999999,0.14567579930680327,0.38269458839679316,169.4360758858594,155.37431866185483,500.0,14.0,48084.9172341469,25212.381521824533,0.7404023442529978,1.0666666666666667,0.9302700510249621,1.0,1.1065588925524183,81040.64030003399,24272.315834334357,1803.7543409380582,1559.2726050373062
44,637,5.5283420925192805,216357.59762021044,0,-0.806889428495702,0.7365999999999999,0.11421448616843591,0.4792537936490151,165.4282845643128,156.34925613809793,500.0,11.0,48084.9172341469,20132.635561490835,0.7744747495683301,1.0833333333333333,0.9353237809222416,1.0,1.1669725781909424,79784.60543478446,17134.202378886854,1803.7543409380582,1532.8647298232795
44,775,5.88219141442254,222598.32089805233,0,-5.457877515296284,0.7365999999999999,0.1314275786226567,0.443203486037572,178.8330229902594,161.90155651460393,508.0,13.0,47327.67444305798,21770.230318494385,0.7629280259461522,1.0714285714285714,0.9319004488322129,1.0,1.1348942774055133,80701.63653507952,25215.2486272866,1780.9938628430064,1412.0096876530617
44,766,5.629872264144378,225668.5370351213,0,-16.118240115095006,0.7365999999999999,0.14365845945872488,0.4251818929479562,200.13813062216678,165.24194079436884,594.0,13.0,42976.04310676186,28305.864805225,0.6933339544631585,1.0714285714285714,0.9157846613433681,1.0,1.1106611594244729,76972.53947589158,39721.04306293707,1648.7371824045333,1453.754565933405
44,837,5.670428237677538,226895.86055237774,0,-4.911848320050902,0.7365999999999999,0.11276557741514995,0.3804494920066205,172.39490386301114,156.84833482284515,508.0,14.0,50251.51497129242,25361.164022344517,0.7271454290896975,1.0666666666666667,0.9256705846099288,1.0,1.1695548239072064,103222.26819781476,37000.22150844815,1868.4850116518016,1505.8330841636796
44,639,5.6487023588974195,227005.14185242582,0,-16.406489314824537,0.7365999999999999,0.1440377555664865,0.42825303806573806,200.80752768598893,165.4009837688874,594.0,13.0,42976.04310676186,28102.874024601944,0.6950484029463053,1.0714285714285714,0.9157846613433681,1.0,1.1098920595034796,77145.83294466793,39227.12877823101,1648.7371824045333,1449.9553757729425
44,567,5.852473979256924,228206.81834692383,0,-6.771109802589983,0.7365999999999999,0.11410050561367281,0.4792537936490151,175.12750018777425,156.68404876455486,500.0,12.0,48084.9172341469,20132.635561490835,0.7744446338251907,1.0769230769230769,0.9353237809222416,1.0,1.1671764123367727,82824.32282803915,18023.91466888955,1803.7543409380582,1524.0014205893901
44,782,5.5283420925192805,228336.02554636955,0,-13.874485923238808,0.7365999999999999,0.11421448616843591,0.4791714761161442,196.52880206240363,165.3246283557506,594.0,11.0,42976.04310676186,25116.56427666273,0.7096882660191617,1.0833333333333333,0.904671804462765,1.0,1.1669725781909424,76038.15673076334,32509.84324679739,1648.7371824045333,1451.7768588946813
44,852,5.5283420925192805,229758.55740590498,0,-13.582706111389573,0.7365999999999999,0.12337848663777884,0.4792537936490151,196.52880206240363,165.73141945149752,594.0,11.0,42976.04310676186,25112.250208348934,0.7125779171254554,1.0833333333333333,0.90815460723768,1.0,1.1502064356464463,76038.15673076334,31087.311387261972,1648.7371824045333,1442.125131064445
44,757,5.629839590163388,231308.5994610694,0,-14.521831873599442,0.7365999999999999,0.11393307827062735,0.4963666490103403,200.13696908436123,167.4480435474052,594.0,11.0,40475.51955736272,24246.474261335363,0.7170896159397164,1.0833333333333333,0.904671804462765,1.0,1.1674756112871285,58731.18632111672,30755.43330217513,1571.5356478603373,1436.3055043849952
45,701,5.670428237677538,202444.32874132306,0,-4.105294081248509,0.7365999999999999,0.11276557741514995,0.3804494920066205,172.39490386301114,158.00782658138672,508.0,14.0,47327.67444305798,25361.164022344517,0.7271454290896975,1.0666666666666667,0.9256705846099288,1.0,1.1695548239072064,78770.73638676005,37000.22150844815,1780.9938628430064,1505.8330841636796
45,873,5.88219141442254,210686.13755309663,0,-7.730590652258545,0.7365999999999999,0.1255872435326874,0.37479388912923567,178.8330229902594,158.63752860295733,508.0,15.0,47327.67444305798,25743.86148988285,0.7279437374103197,1.0625,0.928689987854111,1.0,1.1460573938435863,80701.63653507952,37127.4319722423,1780.9938628430064,1489.8235909965556
45,576,5.8352486643762544,211137.48512619938,0,-5.880237809798805,0.7365999999999999,0.1445296201621532,0.3804494920066205,177.40584843798797,159.99771640308487,508.0,15.0,47327.67444305798,25361.164022344517,0.7369596355585566,1.0625,0.9353237809222416,1.0,1.1088931822954942,80273.60289665312,34820.87620844171,1780.9938628430064,1456.3780172004424
45,857,5.88219141442254,212093.56575377,0,-7.570634977336557,0.7365999999999999,0.13109361714398188,0.3752269779463185,178.8330229902594,158.86294238836194,508.0,15.0,47327.67444305798,25714.147798770286,0.7298948197519327,1.0625,0.9319004488322129,1.0,1.1355399679971043,80701.63653507952,35720.003771568925,1780.9938628430064,1484.1751151144654
45,835,5.88219141442254,213101.15444311182,0,-7.312014663064506,0.7365999999999999,0.1314275786226567,0.38174787962668166,178.8330229902594,159.22875529101458,508.0,15.0,47327.67444305798,25274.906512730704,0.7335389308598479,1.0625,0.9319004488322129,1.0,1.1348942774055133,80701.63653507952,34712.415082227104,1780.9938628430064,1475.0990799224287
45,800,5.648289551934924,213583.05310950993,0,-3.959046459368013,0.7365999999999999,0.14386818347522878,0.3804494920066205,169.0175527602567,155.12025687861095,500.0,14.0,48084.9172341469,25361.164022344517,0.7386433982959267,1.0666666666666667,0.9302700510249621,1.0,1.1102360278970012,80909.4758766659,24622.885527412684,1803.7543409380582,1566.3044353579025
45,813,5.648365111237419,213586.53206770847,0,-3.9601112813193566,0.7365999999999999,0.14387528226312557,0.3804494920066205,169.01981377189193,155.12081603469278,500.0,14.0,48084.9172341469,25361.164022344517,0.7386456445247922,1.0666666666666667,0.9302700510249621,1.0,1.1102216324665442,80910.18447380004,24622.376177983497,1803.7543409380582,1566.2888895995723
45,780,5.648306831389028,213934.30191444795,0,-3.7812138328844025,0.7365999999999999,0.14567579930680327,0.38269458839679316,169.01806982493952,155.37431866185483,500.0,14.0,48084.9172341469,25212.381521824533,0.7404023442529978,1.0666666666666667,0.9302700510249621,1.0,1.1065588925524183,80909.6379238428,24272.315834334357,1803.7543409380582,1559.2726050373062
45,717,5.662275908730292,214179.96234510266,0,-4.192082472247879,0.7365999999999999,0.1445296201621532,0.3804494920066205,169.4360758858594,155.17249240934942,500.0,14.0,48084.9172341469,25361.164022344517,0.7388528157674921,1.0666666666666667,0.9302700510249621,1.0,1.1088931822954942,81040.64030003399,24575.663840790767,1803.7543409380582,1564.8535045900267
45,535,5.6487023588974195,214449.95435128614,0,-0.7074279255583598,0.7365999999999999,0.14403982868746457,0.4434511723480277,171.73438394694003,162.46198334130256,508.0,12.0,47327.67444305798,21758.070720410997,0.766685330442129,1.0769230769230769,0.9353237809222416,1.0,1.1098878530179177,78572.63536087009,24135.974956523998,1780.9938628430064,1399.4595709862601
45,744,5.662275908730292,214483.31035155905,0,-4.0502454621265525,0.7365999999999999,0.14567579930680327,0.38269458839679316,169.4360758858594,155.37431866185483,500.0,14.0,48084.9172341469,25212.381521824533,0.7404023442529978,1.0666666666666667,0.9302700510249621,1.0,1.1065588925524183,81040.64030003399,24272.315834334357,1803.7543409380582,1559.2726050373062
45,637,5.5283420925192805,216357.59762021044,0,-0.806889428495702,0.7365999999999999,0.11421448616843591,0.4792537936490151,165.4282845643128,156.34925613809793,500.0,11.0,48084.9172341469,20132.635561490835,0.7744747495683301,1.0833333333333333,0.9353237809222416,1.0,1.1669725781909424,79784.60543478446,17134.202378886854,1803.7543409380582,1532.8647298232795
45,885,5.88219141442254,220085.48135166973,0,-8.824251018789516,0.7365999999999999,0.1314275786226567,0.3804860274544862,176.0167549116726,154.63906270959487,500.0,15.0,48084.9172341469,25358.7287647553,0.7347703388183734,1.0625,0.9264085970874162,1.0,1.1348942774055133,83103.01371977778,27313.19727978064,1803.7543409380582,1579.7980693669144
45,775,5.88219141442254,222598.32089805233,0,-5.457877515296284,0.7365999999999999,0.1314275786226567,0.443203486037572,178.8330229902594,161.90155651460393,508.0,13.0,47327.67444305798,21770.230318494385,0.7629280259461522,1.0714285714285714,0.9319004488322129,1.0,1.1348942774055133,80701.63653507952,25215.2486272866,1780.9938628430064,1412.0096876530617
45,766,5.629872264144378,225668.5370351213,0,-16.118240115095006,0.7365999999999999,0.14365845945872488,0.4251818929479562,200.13813062216678,165.24194079436884,594.0,13.0,42976.04310676186,28305.864805225,0.6933339544631585,1.0714285714285714,0.9157846613433681,1.0,1.1106611594244729,76972.53947589158,39721.04306293707,1648.7371824045333,1453.754565933405
45,837,5.670428237677538,226895.86055237774,0,-4.911848320050902,0.7365999999999999,0.11276557741514995,0.3804494920066205,172.39490386301114,156.84833482284515,508.0,14.0,50251.51497129242,25361.164022344517,0.7271454290896975,1.0666666666666667,0.9256705846099288,1.0,1.1695548239072064,103222.26819781476,37000.22150844815,1868.4850116518016,1505.8330841636796
45,639,5.6487023588974195,227005.14185242582,0,-16.406489314824537,0.7365999999999999,0.1440377555664865,0.42825303806573806,200.80752768598893,165.4009837688874,594.0,13.0,42976.04310676186,28102.874024601944,0.6950484029463053,1.0714285714285714,0.9157846613433681,1.0,1.1098920595034796,77145.83294466793,39227.12877823101,1648.7371824045333,1449.9553757729425
45,895,5.670428237677538,227090.22311475678,0,-4.867411099670981,0.7365999999999999,0.11276557741514995,0.38171134417881597,172.39490386301114,156.9117740533775,508.0,14.0,50251.51497129242,25277.3256968689,0.7278326826708252,1.0666666666666667,0.9256705846099288,1.0,1.1695548239072064,103222.26819781476,36805.85894606911,1868.4850116518016,1504.2046414707725
45,567,5.852473979256924,228206.81834692383,0,-6.771109802589983,0.7365999999999999,0.11410050561367281,0.4792537936490151,175.12750018777425,156.68404876455486,500.0,12.0,48084.9172341469,20132.635561490835,0.7744446338251907,1.0769230769230769,0.9353237809222416,1.0,1.1671764123367727,82824.32282803915,18023.91466888955,1803.7543409380582,1524.0014205893901
45,782,5.5283420925192805,228336.02554636955,0,-13.874485923238808,0.7365999999999999,0.11421448616843591,0.4791714761161442,196.52880206240363,165.3246283557506,594.0,11.0,42976.04310676186,25116.56427666273,0.7096882660191617,1.0833333333333333,0.904671804462765,1.0,1.1669725781909424,76038.15673076334,32509.84324679739,1648.7371824045333,1451.7768588946813
46,701,5.670428237677538,202444.32874132306,0,-4.105294081248509,0.7365999999999999,0.11276557741514995,0.3804494920066205,172.39490386301114,158.00782658138672,508.0,14.0,47327.67444305798,25361.164022344517,0.7271454290896975,1.0666666666666667,0.9256705846099288,1.0,1.1695548239072064,78770.73638676005,37000.22150844815,1780.9938628430064,1505.8330841636796
46,873,5.88219141442254,210686.13755309663,0,-7.730590652258545,0.7365999999999999,0.1255872435326874,0.37479388912923567,178.8330229902594,158.63752860295733,508.0,15.0,47327.67444305798,25743.86148988285,0.7279437374103197,1.0625,0.928689987854111,1.0,1.1460573938435863,80701.63653507952,37127.4319722423,1780.9938628430064,1489.8235909965556
46,576,5.8352486643762544,211137.48512619938,0,-5.880237809798805,0.7365999999999999,0.1445296201621532,0.3804494920066205,177.40584843798797,159.99771640308487,508.0,15.0,47327.67444305798,25361.164022344517,0.7369596355585566,1.0625,0.9353237809222416,1.0,1.1088931822954942,80273.60289665312,34820.87620844171,1780.9938628430064,1456.3780172004424
46,907,5.628633739346433,211815.67459723118,0,-17.665399034308592,0.7365999999999999,0.14306822384586784,0.3635166497778572,200.0941019078088,163.12187746753588,594.0,15.0,42976.04310676186,33107.53767886312,0.6576609539692215,1.0625,0.9157846613433681,1.0,1.1118559417757266,76961.14132515382,55418.681364268545,1648.7371824045333,1506.3686492102322
46,857,5.88219141442254,212093.56575377,0,-7.570634977336557,0.7365999999999999,0.13109361714398188,0.3752269779463185,178.8330229902594,158.86294238836194,508.0,15.0,47327.67444305798,25714.147798770286,0.7298948197519327,1.0625,0.9319004488322129,1.0,1.1355399679971043,80701.63653507952,35720.003771568925,1780.9938628430064,1484.1751151144654
46,835,5.88219141442254,213101.15444311182,0,-7.312014663064506,0.7365999999999999,0.1314275786226567,0.38174787962668166,178.8330229902594,159.22875529101458,508.0,15.0,47327.67444305798,25274.906512730704,0.7335389308598479,1.0625,0.9319004488322129,1.0,1.1348942774055133,80701.63653507952,34712.415082227104,1780.9938628430064,1475.0990799224287
46,800,5.648289551934924,213583.05310950993,0,-3.959046459368013,0.7365999999999999,0.14386818347522878,0.3804494920066205,169.0175527602567,155.12025687861095,500.0,14.0,48084.9172341469,25361.164022344517,0.7386433982959267,1.0666666666666667,0.9302700510249621,1.0,1.1102360278970012,80909.4758766659,24622.885527412684,1803.7543409380582,1566.3044353579025
46,813,5.648365111237419,213586.53206770847,0,-3.9601112813193566,0.7365999999999999,0.14387528226312557,0.3804494920066205,169.01981377189193,155.12081603469278,500.0,14.0,48084.9172341469,25361.164022344517,0.7386456445247922,1.0666666666666667,0.9302700510249621,1.0,1.1102216324665442,80910.18447380004,24622.376177983497,1803.7543409380582,1566.2888895995723
46,780,5.648306831389028,213934.30191444795,0,-3.7812138328844025,0.7365999999999999,0.14567579930680327,0.38269458839679316,169.01806982493952,155.37431866185483,500.0,14.0,48084.9172341469,25212.381521824533,0.7404023442529978,1.0666666666666667,0.9302700510249621,1.0,1.1065588925524183,80909.6379238428,24272.315834334357,1803.7543409380582,1559.2726050373062
46,717,5.662275908730292,214179.96234510266,0,-4.192082472247879,0.7365999999999999,0.1445296201621532,0.3804494920066205,169.4360758858594,155.17249240934942,500.0,14.0,48084.9172341469,25361.164022344517,0.7388528157674921,1.0666666666666667,0.9302700510249621,1.0,1.1088931822954942,81040.64030003399,24575.663840790767,1803.7543409380582,1564.8535045900267
46,535,5.6487023588974195,214449.95435128614,0,-0.7074279255583598,0.7365999999999999,0.14403982868746457,0.4434511723480277,171.73438394694003,162.46198334130256,508.0,12.0,47327.67444305798,21758.070720410997,0.766685330442129,1.0769230769230769,0.9353237809222416,1.0,1.1098878530179177,78572.63536087009,24135.974956523998,1780.9938628430064,1399.4595709862601
46,744,5.662275908730292,214483.31035155905,0,-4.0502454621265525,0.7365999999999999,0.14567579930680327,0.38269458839679316,169.4360758858594,155.37431866185483,500.0,14.0,48084.9172341469,25212.381521824533,0.7404023442529978,1.0666666666666667,0.9302700510249621,1.0,1.1065588925524183,81040.64030003399,24272.315834334357,1803.7543409380582,1559.2726050373062
46,909,5.662275908730292,215469.46023813088,0,-18.71239835464197,0.7365999999999999,0.12340609380720137,0.3804494920066205,201.290058152401,162.70807197138794,594.0,14.0,42976.04310676186,31634.005123615898,0.6612714547768981,1.0666666666666667,0.90815460723768,1.0,1.1501548289226098,77270.75040074007,51370.25831501023,1648.7371824045333,1517.0855300837015
46,637,5.5283420925192805,216357.59762021044,0,-0.806889428495702,0.7365999999999999,0.11421448616843591,0.4792537936490151,165.4282845643128,156.34925613809793,500.0,11.0,48084.9172341469,20132.635561490835,0.7744747495683301,1.0833333333333333,0.9353237809222416,1.0,1.1669725781909424,79784.60543478446,17134.202378886854,1803.7543409380582,1532.8647298232795
46,885,5.88219141442254,220085.48135166973,0,-8.824251018789516,0.7365999999999999,0.1314275786226567,0.3804860274544862,176.0167549116726,154.63906270959487,500.0,15.0,48084.9172341469,25358.7287647553,0.7347703388183734,1.0625,0.9264085970874162,1.0,1.1348942774055133,83103.01371977778,27313.19727978064,1803.7543409380582,1579.7980693669144
46,775,5.88219141442254,222598.32089805233,0,-5.457877515296284,0.7365999999999999,0.1314275786226567,0.443203486037572,178.8330229902594,161.90155651460393,508.0,13.0,47327.67444305798,21770.230318494385,0.7629280259461522,1.0714285714285714,0.9319004488322129,1.0,1.1348942774055133,80701.63653507952,25215.2486272866,1780.9938628430064,1412.0096876530617
46,766,5.629872264144378,225668.5370351213,0,-16.118240115095006,0.7365999999999999,0.14365845945872488,0.4251818929479562,200.13813062216678,165.24194079436884,594.0,13.0,42976.04310676186,28305.864805225,0.6933339544631585,1.0714285714285714,0.9157846613433681,1.0,1.1106611594244729,76972.53947589158,39721.04306293707,1648.7371824045333,1453.754565933405
46,837,5.670428237677538,226895.86055237774,0,-4.911848320050902,0.7365999999999999,0.11276557741514995,0.3804494920066205,172.39490386301114,156.84833482284515,508.0,14.0,50251.51497129242,25361.164022344517,0.7271454290896975,1.0666666666666667,0.9256705846099288,1.0,1.1695548239072064,103222.26819781476,37000.22150844815,1868.4850116518016,1505.8330841636796
46,639,5.6487023588974195,227005.14185242582,0,-16.406489314824537,0.7365999999999999,0.1440377555664865,0.42825303806573806,200.80752768598893,165.4009837688874,594.0,13.0,42976.04310676186,28102.874024601944,0.6950484029463053,1.0714285714285714,0.9157846613433681,1.0,1.1098920595034796,77145.83294466793,39227.12877823101,1648.7371824045333,1449.9553757729425
46,895,5.670428237677538,227090.22311475678,0,-4.867411099670981,0.7365999999999999,0.11276557741514995,0.38171134417881597,172.39490386301114,156.9117740533775,508.0,14.0,50251.51497129242,25277.3256968689,0.7278326826708252,1.0666666666666667,0.9256705846099288,1.0,1.1695548239072064,103222.26819781476,36805.85894606911,1868.4850116518016,1504.2046414707725
47,701,5.670428237677538,202444.32874132306,0,-4.105294081248509,0.7365999999999999,0.11276557741514995,0.3804494920066205,172.39490386301114,158.00782658138672,508.0,14.0,47327.67444305798,25361.164022344517,0.7271454290896975,1.0666666666666667,0.9256705846099288,1.0,1.1695548239072064,78770.73638676005,37000.22150844815,1780.9938628430064,1505.8330841636796
47,921,5.648289551934924,203665.31449629378,0,-3.211251040084612,0.7365999999999999,0.12582890792002194,0.37998743683135067,171.72183360442082,158.6912931454882,508.0,14.0,47327.67444305798,25392.002560547542,0.7308615622237968,1.0666666666666667,0.928689987854111,1.0,1.1456009779458607,78568.87130218263,34904.300410309675,1780.9938628430064,1488.4724445763295
47,926,5.502526682115964,204900.1339169476,0,-13.847070069446097,0.7365999999999999,0.14306822384586784,0.3635166497778572,195.61108177729713,164.59057986284003,594.0,15.0,40475.51955736272,33107.53767886312,0.6576609539692215,1.0625,0.9157846613433681,1.0,1.1118559417757266,57850.71922461805,55418.681364268545,1571.5356478603373,1506.3686492102322
47,873,5.88219141442254,210686.13755309663,0,-7.730590652258545,0.7365999999999999,0.1255872435326874,0.37479388912923567,178.8330229902594,158.63752860295733,508.0,15.0,47327.67444305798,25743.86148988285,0.7279437374103197,1.0625,0.928689987854111,1.0,1.1460573938435863,80701.63653507952,37127.4319722423,1780.9938628430064,1489.8235909965556
47,576,5.8352486643762544,211137.48512619938,0,-5.880237809798805,0.7365999999999999,0.1445296201621532,0.3804494920066205,177.40584843798797,159.99771640308487,508.0,15.0,47327.67444305798,25361.164022344517,0.7369596355585566,1.0625,0.9353237809222416,1.0,1.1088931822954942,80273.60289665312,34820.87620844171,1780.9938628430064,1456.3780172004424
47,925,5.661996370780138,211675.9336073274,0,-4.7695487886967864,0.7365999999999999,0.12573993188160368,0.3827949961146896,169.42771108447943,154.3485538148862,500.0,14.0,48084.9172341469,25205.768275264272,0.7342581766740293,1.0666666666666667,0.9228234636957594,1.0,1.1457690773201459,81038.01878575562,27068.70626290764,1803.7543409380582,1588.0576517914365
47,907,5.628633739346433,211815.67459723118,0,-17.665399034308592,0.7365999999999999,0.14306822384586784,0.3635166497778572,200.0941019078088,163.12187746753588,594.0,15.0,42976.04310676186,33107.53767886312,0.6576609539692215,1.0625,0.9157846613433681,1.0,1.1118559417757266,76961.14132515382,55418.681364268545,1648.7371824045333,1506.3686492102322
47,857,5.88219141442254,212093.56575377,0,-7.570634977336557,0.7365999999999999,0.13109361714398188,0.3752269779463185,178.8330229902594,158.86294238836194,508.0,15.0,47327.67444305798,25714.147798770286,0.7298948197519327,1.0625,0.9319004488322129,1.0,1.1355399679971043,80701.63653507952,35720.003771568925,1780.9938628430064,1484.1751151144654
47,835,5.88219141442254,213101.15444311182,0,-7.312014663064506,0.7365999999999999,0.1314275786226567,0.38174787962668166,178.8330229902594,159.22875529101458,508.0,15.0,47327.67444305798,25274.906512730704,0.7335389308598479,1.0625,0.9319004488322129,1.0,1.1348942774055133,80701.63653507952,34712.415082227104,1780.9938628430064,1475.0990799224287
47,800,5.648289551934924,213583.05310950993,0,-3.959046459368013,0.7365999999999999,0.14386818347522878,0.3804494920066205,169.0175527602567,155.12025687861095,500.0,14.0,48084.9172341469,25361.164022344517,0.7386433982959267,1.0666666666666667,0.9302700510249621,1.0,1.1102360278970012,80909.4758766659,24622.885527412684,1803.7543409380582,1566.3044353579025
47,813,5.648365111237419,213586.53206770847,0,-3.9601112813193566,0.7365999999999999,0.14387528226312557,0.3804494920066205,169.01981377189193,155.12081603469278,500.0,14.0,48084.9172341469,25361.164022344517,0.7386456445247922,1.0666666666666667,0.9302700510249621,1.0,1.1102216324665442,80910.18447380004,24622.376177983497,1803.7543409380582,1566.2888895995723
47,780,5.648306831389028,213934.30191444795,0,-3.7812138328844025,0.7365999999999999,0.14567579930680327,0.38269458839679316,169.01806982493952,155.37431866185483,500.0,14.0,48084.9172341469,25212.381521824533,0.7404023442529978,1.0666666666666667,0.9302700510249621,1.0,1.1065588925524183,80909.6379238428,24272.315834334357,1803.7543409380582,1559.2726050373062
47,717,5.662275908730292,214179.96234510266,0,-4.192082472247879,0.7365999999999999,0.1445296201621532,0.3804494920066205,169.4360758858594,155.17249240934942,500.0,14.0,48084.9172341469,25361.164022344517,0.7388528157674921,1.0666666666666667,0.9302700510249621,1.0,1.1088931822954942,81040.64030003399,24575.663840790767,1803.7543409380582,1564.8535045900267
47,535,5.6487023588974195,214449.95435128614,0,-0.7074279255583598,0.7365999999999999,0.14403982868746457,0.4434511723480277,171.73438394694003,162.46198334130256,508.0,12.0,47327.67444305798,21758.070720410997,0.766685330442129,1.0769230769230769,0.9353237809222416,1.0,1.1098878530179177,78572.63536087009,24135.974956523998,1780.9938628430064,1399.4595709862601
47,744,5.662275908730292,214483.31035155905,0,-4.0502454621265525,0.7365999999999999,0.14567579930680327,0.38269458839679316,169.4360758858594,155.37431866185483,500.0,14.0,48084.9172341469,25212.381521824533,0.7404023442529978,1.0666666666666667,0.9302700510249621,1.0,1.1065588925524183,81040.64030003399,24272.315834334357,1803.7543409380582,1559.2726050373062
47,909,5.662275908730292,215469.46023813088,0,-18.71239835464197,0.7365999999999999,0.12340609380720137,0.3804494920066205,201.290058152401,162.70807197138794,594.0,14.0,42976.04310676186,31634.005123615898,0.6612714547768981,1.0666666666666667,0.90815460723768,1.0,1.1501548289226098,77270.75040074007,51370.25831501023,1648.7371824045333,1517.0855300837015
47,637,5.5283420925192805,216357.59762021044,0,-0.806889428495702,0.7365999999999999,0.11421448616843591,0.4792537936490151,165.4282845643128,156.34925613809793,500.0,11.0,48084.9172341469,20132.635561490835,0.7744747495683301,1.0833333333333333,0.9353237809222416,1.0,1.1669725781909424,79784.60543478446,17134.202378886854,1803.7543409380582,1532.8647298232795
47,885,5.88219141442254,220085.48135166973,0,-8.824251018789516,0.7365999999999999,0.1314275786226567,0.3804860274544862,176.0167549116726,154.63906270959487,500.0,15.0,48084.9172341469,25358.7287647553,0.7347703388183734,1.0625,0.9264085970874162,1.0,1.1348942774055133,83103.01371977778,27313.19727978064,1803.7543409380582,1579.7980693669144
47,775,5.88219141442254,222598.32089805233,0,-5.457877515296284,0.7365999999999999,0.1314275786226567,0.443203486037572,178.8330229902594,161.90155651460393,508.0,13.0,47327.67444305798,21770.230318494385,0.7629280259461522,1.0714285714285714,0.9319004488322129,1.0,1.1348942774055133,80701.63653507952,25215.2486272866,1780.9938628430064,1412.0096876530617
47,766,5.629872264144378,225668.5370351213,0,-16.118240115095006,0.7365999999999999,0.14365845945872488,0.4251818929479562,200.13813062216678,165.24194079436884,594.0,13.0,42976.04310676186,28305.864805225,0.6933339544631585,1.0714285714285714,0.9157846613433681,1.0,1.1106611594244729,76972.53947589158,39721.04306293707,1648.7371824045333,1453.754565933405
48,701,5.670428237677538,202444.32874132306,0,-4.105294081248509,0.7365999999999999,0.11276557741514995,0.3804494920066205,172.39490386301114,158.00782658138672,508.0,14.0,47327.67444305798,25361.164022344517,0.7271454290896975,1.0666666666666667,0.9256705846099288,1.0,1.1695548239072064,78770.73638676005,37000.22150844815,1780.9938628430064,1505.8330841636796
48,921,5.648289551934924,203665.31449629378,0,-3.211251040084612,0.7365999999999999,0.12582890792002194,0.37998743683135067,171.72183360442082,158.6912931454882,508.0,14.0,47327.67444305798,25392.002560547542,0.7308615622237968,1.0666666666666667,0.928689987854111,1.0,1.1456009779458607,78568.87130218263,34904.300410309675,1780.9938628430064,1488.4724445763295
48,942,5.676392649154383,204736.24749513625,0,-4.238868550103614,0.7365999999999999,0.1124542771759751,0.3803087153331706,172.57623657723505,157.98061520390158,508.0,14.0,47327.67444305798,25370.551817474996,0.7269751895377441,1.0666666666666667,0.9256705846099287,1.0,1.1701070972035874,78825.121115882,34944.0201979808,1780.9938628430064,1506.532663104717
48,926,5.502526682115964,204900.1339169476,0,-13.847070069446097,0.7365999999999999,0.14306822384586784,0.3635166497778572,195.61108177729713,164.59057986284003,594.0,15.0,40475.51955736272,33107.53767886312,0.6576609539692215,1.0625,0.9157846613433681,1.0,1.1118559417757266,57850.71922461805,55418.681364268545,1571.5356478603373,1506.3686492102322
48,873,5.88219141442254,210686.13755309663,0,-7.730590652258545,0.7365999999999999,0.1255872435326874,0.37479388912923567,178.8330229902594,158.63752860295733,508.0,15.0,47327.67444305798,25743.86148988285,0.7279437374103197,1.0625,0.928689987854111,1.0,1.1460573938435863,80701.63653507952,37127.4319722423,1780.9938628430064,1489.8235909965556
48,576,5.8352486643762544,211137.48512619938,0,-5.880237809798805,0.7365999999999999,0.1445296201621532,0.3804494920066205,177.40584843798797,159.99771640308487,508.0,15.0,47327.67444305798,25361.164022344517,0.7369596355585566,1.0625,0.9353237809222416,1.0,1.1088931822954942,80273.60289665312,34820.87620844171,1780.9938628430064,1456.3780172004424
48,925,5.661996370780138,211675.9336073274,0,-4.7695487886967864,0.7365999999999999,0.12573993188160368,0.3827949961146896,169.42771108447943,154.3485538148862,500.0,14.0,48084.9172341469,25205.768275264272,0.7342581766740293,1.0666666666666667,0.9228234636957594,1.0,1.1457690773201459,81038.01878575562,27068.70626290764,1803.7543409380582,1588.0576517914365
48,907,5.628633739346433,211815.67459723118,0,-17.665399034308592,0.7365999999999999,0.14306822384586784,0.3635166497778572,200.0941019078088,163.12187746753588,594.0,15.0,42976.04310676186,33107.53767886312,0.6576609539692215,1.0625,0.9157846613433681,1.0,1.1118559417757266,76961.14132515382,55418.681364268545,1648.7371824045333,1506.3686492102322
48,857,5.88219141442254,212093.56575377,0,-7.570634977336557,0.7365999999999999,0.13109361714398188,0.3752269779463185,178.8330229902594,158.86294238836194,508.0,15.0,47327.67444305798,25714.147798770286,0.7298948197519327,1.0625,0.9319004488322129,1.0,1.1355399679971043,80701.63653507952,35720.003771568925,1780.9938628430064,1484.1751151144654
48,835,5.88219141442254,213101.15444311182,0,-7.312014663064506,0.7365999999999999,0.1314275786226567,0.38174787962668166,178.8330229902594,159.22875529101458,508.0,15.0,47327.67444305798,25274.906512730704,0.7335389308598479,1.0625,0.9319004488322129,1.0,1.1348942774055133,80701.63653507952,34712.415082227104,1780.9938628430064,1475.0990799224287
48,800,5.648289551934924,213583.05310950993,0,-3.959046459368013,0.7365999999999999,0.14386818347522878,0.3804494920066205,169.0175527602567,155.12025687861095,500.0,14.0,48084.9172341469,25361.164022344517,0.7386433982959267,1.0666666666666667,0.9302700510249621,1.0,1.1102360278970012,80909.4758766659,24622.885527412684,1803.7543409380582,1566.3044353579025
48,813,5.648365111237419,213586.53206770847,0,-3.9601112813193566,0.7365999999999999,0.14387528226312557,0.3804494920066205,169.01981377189193,155.12081603469278,500.0,14.0,48084.9172341469,25361.164022344517,0.7386456445247922,1.0666666666666667,0.9302700510249621,1.0,1.1102216324665442,80910.18447380004,24622.376177983497,1803.7543409380582,1566.2888895995723
48,780,5.648306831389028,213934.30191444795,0,-3.7812138328844025,0.7365999999999999,0.14567579930680327,0.38269458839679316,169.01806982493952,155.37431866185483,500.0,14.0,48084.9172341469,25212.381521824533,0.7404023442529978,1.0666666666666667,0.9302700510249621,1.0,1.1065588925524183,80909.6379238428,24272.315834334357,1803.7543409380582,1559.2726050373062
48,717,5.662275908730292,214179.96234510266,0,-4.192082472247879,0.7365999999999999,0.1445296201621532,0.3804494920066205,169.4360758858594,155.17249240934942,500.0,14.0,48084.9172341469,25361.164022344517,0.7388528157674921,1.0666666666666667,0.9302700510249621,1.0,1.1088931822954942,81040.64030003399,24575.663840790767,1803.7543409380582,1564.8535045900267
48,535,5.6487023588974195,214449.95435128614,0,-0.7074279255583598,0.7365999999999999,0.14403982868746457,0.4434511723480277,171.73438394694003,162.46198334130256,508.0,12.0,47327.67444305798,21758.070720410997,0.766685330442129,1.0769230769230769,0.9353237809222416,1.0,1.1098878530179177,78572.63536087009,24135.974956523998,1780.9938628430064,1399.4595709862601
48,744,5.662275908730292,214483.31035155905,0,-4.0502454621265525,0.7365999999999999,0.14567579930680327,0.38269458839679316,169.4360758858594,155.37431866185483,500.0,14.0,48084.9172341469,25212.381521824533,0.7404023442529978,1.0666666666666667,0.9302700510249621,1.0,1.1065588925524183,81040.64030003399,24272.315834334357,1803.7543409380582,1559.2726050373062
48,909,5.662275908730292,215469.46023813088,0,-18.71239835464197,0.7365999999999999,0.12340609380720137,0.3804494920066205,201.290058152401,162.70807197138794,594.0,14.0,42976.04310676186,31634.005123615898,0.6612714547768981,1.0666666666666667,0.90815460723768,1.0,1.1501548289226098,77270.75040074007,51370.25831501023,1648.7371824045333,1517.0855300837015
48,637,5.5283420925192805,216357.59762021044,0,-0.806889428495702,0.7365999999999999,0.11421448616843591,0.4792537936490151,165.4282845643128,156.34925613809793,500.0,11.0,48084.9172341469,20132.635561490835,0.7744747495683301,1.0833333333333333,0.9353237809222416,1.0,1.1669725781909424,79784.60543478446,17134.202378886854,1803.7543409380582,1532.8647298232795
48,951,5.502526682115964,219150.90532102092,0,-1.0077728941456536,0.7365999999999999,0.14306822384586784,0.3635166497778572,167.29028542570194,157.8094519472172,508.0,15.0,50251.51497129242,26542.50355490946,0.7271435380398735,1.0625,0.9353237809222416,1.0,1.1118559417757266,101184.46532625289,37602.755430933874,1868.4850116518016,1481.5336872598618
48,885,5.88219141442254,220085.48135166973,0,-8.824251018789516,0.7365999999999999,0.1314275786226567,0.3804860274544862,176.0167549116726,154.63906270959487,500.0,15.0,48084.9172341469,25358.7287647553,0.7347703388183734,1.0625,0.9264085970874162,1.0,1.1348942774055133,83103.01371977778,27313.19727978064,1803.7543409380582,1579.7980693669144
49,701,5.670428237677538,202444.32874132306,0,-4.105294081248509,0.7365999999999999,0.11276557741514995,0.3804494920066205,172.39490386301114,158.00782658138672,508.0,14.0,47327.67444305798,25361.164022344517,0.7271454290896975,1.0666666666666667,0.9256705846099288,1.0,1.1695548239072064,78770.73638676005,37000.22150844815,1780.9938628430064,1505.8330841636796
49,976,5.670428237677538,202444.32874132306,0,-4.105294081248509,0.7365999999999999,0.11276557741514995,0.3804494920066205,172.39490386301114,158.00782658138672,508.0,14.0,47327.67444305798,25361.164022344517,0.7271454290896975,1.0666666666666667,0.9256705846099288,1.0,1.1695548239072064,78770.73638676005,37000.22150844815,1780.9938628430064,1505.8330841636796
49,921,5.648289551934924,203665.31449629378,0,-3.211251040084612,0.7365999999999999,0.12582890792002194,0.37998743683135067,171.72183360442082,158.6912931454882,508.0,14.0,47327.67444305798,25392.002560547542,0.7308615622237968,1.0666666666666667,0.928689987854111,1.0,1.1456009779458607,78568.87130218263,34904.300410309675,1780.9938628430064,1488.4724445763295
49,970,5.735587197450065,204259.14976916084,0,-5.055367877733813,0.7365999999999999,0.12582890792002194,0.3707117834499022,174.3758957978283,158.44378984907985,508.0,15.0,47327.67444305798,26027.340914836244,0.7257426930592441,1.0625,0.928689987854111,1.0,1.1456009779458607,79364.86916764772,37760.5251963152,1780.9938628430064,1494.7128148385425
49,978,5.677252612761764,204650.3097331397,0,-4.282699661097526,0.7365999999999999,0.11249298204781215,0.37947406793582106,172.60238157673177,157.94117651924626,508.0,14.0,47327.67444305798,25426.353957418218,0.7265300225134217,1.0666666666666667,0.9256705846099288,1.0,1.170038480339226,78832.96244071743,35063.9442843095,1780.9938628430064,1507.547749167043
49,942,5.676392649154383,204736.24749513625,0,-4.238868550103614,0.7365999999999999,0.1124542771759751,0.3803087153331706,172.57623657723505,157.98061520390158,508.0,14.0,47327.67444305798,25370.551817474996,0.7269751895377441,1.0666666666666667,0.9256705846099287,1.0,1.1701070972035874,78825.121115882,34944.0201979808,1780.9938628430064,1506.532663104717
49,926,5.502526682115964,204900.1339169476,0,-13.847070069446097,0.7365999999999999,0.14306822384586784,0.3635166497778572,195.61108177729713,164.59057986284003,594.0,15.0,40475.51955736272,33107.53767886312,0.6576609539692215,1.0625,0.9157846613433681,1.0,1.1118559417757266,57850.71922461805,55418.681364268545,1571.5356478603373,1506.3686492102322
49,873,5.88219141442254,210686.13755309663,0,-7.730590652258545,0.7365999999999999,0.1255872435326874,0.37479388912923567,178.8330229902594,158.63752860295733,508.0,15.0,47327.67444305798,25743.86148988285,0.7279437374103197,1.0625,0.928689987854111,1.0,1.1460573938435863,80701.63653507952,37127.4319722423,1780.9938628430064,1489.8235909965556
49,576,5.8352486643762544,211137.48512619938,0,-5.880237809798805,0.7365999999999999,0.1445296201621532,0.3804494920066205,177.40584843798797,159.99771640308487,508.0,15.0,47327.67444305798,25361.164022344517,0.7369596355585566,1.0625,0.9353237809222416,1.0,1.1088931822954942,80273.60289665312,34820.87620844171,1780.9938628430064,1456.3780172004424
49,925,5.661996370780138,211675.9336073274,0,-4.7695487886967864,0.7365999999999999,0.12573993188160368,0.3827949961146896,169.42771108447943,154.3485538148862,500.0,14.0,48084.9172341469,25205.768275264272,0.7342581766740293,1.0666666666666667,0.9228234636957594,1.0,1.1457690773201459,81038.01878575562,27068.70626290764,1803.7543409380582,1588.0576517914365
49,907,5.628633739346433,211815.67459723118,0,-17.665399034308592,0.7365999999999999,0.14306822384586784,0.3635166497778572,200.0941019078088,163.12187746753588,594.0,15.0,42976.04310676186,33107.53767886312,0.6576609539692215,1.0625,0.9157846613433681,1.0,1.1118559417757266,76961.14132515382,55418.681364268545,1648.7371824045333,1506.3686492102322
49,857,5.88219141442254,212093.56575377,0,-7.570634977336557,0.7365999999999999,0.13109361714398188,0.3752269779463185,178.8330229902594,158.86294238836194,508.0,15.0,47327.67444305798,25714.147798770286,0.7298948197519327,1.0625,0.9319004488322129,1.0,1.1355399679971043,80701.63653507952,35720.003771568925,1780.9938628430064,1484.1751151144654
49,835,5.88219141442254,213101.15444311182,0,-7.312014663064506,0.7365999999999999,0.1314275786226567,0.38174787962668166,178.8330229902594,159.22875529101458,508.0,15.0,47327.67444305798,25274.906512730704,0.7335389308598479,1.0625,0.9319004488322129,1.0,1.1348942774055133,80701.63653507952,34712.415082227104,1780.9938628430064,1475.0990799224287
49,800,5.648289551934924,213583.05310950993,0,-3.959046459368013,0.7365999999999999,0.14386818347522878,0.3804494920066205,169.0175527602567,155.12025687861095,500.0,14.0,48084.9172341469,25361.164022344517,0.7386433982959267,1.0666666666666667,0.9302700510249621,1.0,1.1102360278970012,80909.4758766659,24622.885527412684,1803.7543409380582,1566.3044353579025
49,813,5.648365111237419,213586.53206770847,0,-3.9601112813193566,0.7365999999999999,0.14387528226312557,0.3804494920066205,169.01981377189193,155.12081603469278,500.0,14.0,48084.9172341469,25361.164022344517,0.7386456445247922,1.0666666666666667,0.9302700510249621,1.0,1.1102216324665442,80910.18447380004,24622.376177983497,1803.7543409380582,1566.2888895995723
49,780,5.648306831389028,213934.30191444795,0,-3.7812138328844025,0.7365999999999999,0.14567579930680327,0.38269458839679316,169.01806982493952,155.37431866185483,500.0,14.0,48084.9172341469,25212.381521824533,0.7404023442529978,1.0666666666666667,0.9302700510249621,1.0,1.1065588925524183,80909.6379238428,24272.315834334357,1803.7543409380582,1559.2726050373062
49,717,5.662275908730292,214179.96234510266,0,-4.192082472247879,0.7365999999999999,0.1445296201621532,0.3804494920066205,169.4360758858594,155.17249240934942,500.0,14.0,48084.9172341469,25361.164022344517,0.7388528157674921,1.0666666666666667,0.9302700510249621,1.0,1.1088931822954942,81040.64030003399,24575.663840790767,1803.7543409380582,1564.8535045900267
49,535,5.6487023588974195,214449.95435128614,0,-0.7074279255583598,0.7365999999999999,0.14403982868746457,0.4434511723480277,171.73438394694003,162.46198334130256,508.0,12.0,47327.67444305798,21758.070720410997,0.766685330442129,1.0769230769230769,0.9353237809222416,1.0,1.1098878530179177,78572.63536087009,24135.974956523998,1780.9938628430064,1399.4595709862601
49,744,5.662275908730292,214483.31035155905,0,-4.0502454621265525,0.7365999999999999,0.14567579930680327,0.38269458839679316,169.4360758858594,155.37431866185483,500.0,14.0,48084.9172341469,25212.381521824533,0.7404023442529978,1.0666666666666667,0.9302700510249621,1.0,1.1065588925524183,81040.64030003399,24272.315834334357,1803.7543409380582,1559.2726050373062
49,909,5.662275908730292,215469.46023813088,0,-18.71239835464197,0.7365999999999999,0.12340609380720137,0.3804494920066205,201.290058152401,162.70807197138794,594.0,14.0,42976.04310676186,31634.005123615898,0.6612714547768981,1.0666666666666667,0.90815460723768,1.0,1.1501548289226098,77270.75040074007,51370.25831501023,1648.7371824045333,1517.0855300837015
50,701,5.670428237677538,202444.32874132306,0,-4.105294081248509,0.7365999999999999,0.11276557741514995,0.3804494920066205,172.39490386301114,158.00782658138672,508.0,14.0,47327.67444305798,25361.164022344517,0.7271454290896975,1.0666666666666667,0.9256705846099288,1.0,1.1695548239072064,78770.73638676005,37000.22150844815,1780.9938628430064,1505.8330841636796
50,976,5.670428237677538,202444.32874132306,0,-4.105294081248509,0.7365999999999999,0.11276557741514995,0.3804494920066205,172.39490386301114,158.00782658138672,508.0,14.0,47327.67444305798,25361.164022344517,0.7271454290896975,1.0666666666666667,0.9256705846099288,1.0,1.1695548239072064,78770.73638676005,37000.22150844815,1780.9938628430064,1505.8330841636796
50,921,5.648289551934924,203665.31449629378,0,-3.211251040084612,0.7365999999999999,0.12582890792002194,0.37998743683135067,171.72183360442082,158.6912931454882,508.0,14.0,47327.67444305798,25392.002560547542,0.7308615622237968,1.0666666666666667,0.928689987854111,1.0,1.1456009779458607,78568.87130218263,34904.300410309675,1780.9938628430064,1488.4724445763295
50,970,5.735587197450065,204259.14976916084,0,-5.055367877733813,0.7365999999999999,0.12582890792002194,0.3707117834499022,174.3758957978283,158.44378984907985,508.0,15.0,47327.67444305798,26027.340914836244,0.7257426930592441,1.0625,0.928689987854111,1.0,1.1456009779458607,79364.86916764772,37760.5251963152,1780.9938628430064,1494.7128148385425
50,978,5.677252612761764,204650.3097331397,0,-4.282699661097526,0.7365999999999999,0.11249298204781215,0.37947406793582106,172.60238157673177,157.94117651924626,508.0,14.0,47327.67444305798,25426.353957418218,0.7265300225134217,1.0666666666666667,0.9256705846099288,1.0,1.170038480339226,78832.96244071743,35063.9442843095,1780.9938628430064,1507.547749167043
50,942,5.676392649154383,204736.24749513625,0,-4.238868550103614,0.7365999999999999,0.1124542771759751,0.3803087153331706,172.57623657723505,157.98061520390158,508.0,14.0,47327.67444305798,25370.551817474996,0.7269751895377441,1.0666666666666667,0.9256705846099287,1.0,1.1701070972035874,78825.121115882,34944.0201979808,1780.9938628430064,1506.532663104717
50,926,5.502526682115964,204900.1339169476,0,-13.847070069446097,0.7365999999999999,0.14306822384586784,0.3635166497778572,195.61108177729713,164.59057986284003,594.0,15.0,40475.51955736272,33107.53767886312,0.6576609539692215,1.0625,0.9157846613433681,1.0,1.1118559417757266,57850.71922461805,55418.681364268545,1571.5356478603373,1506.3686492102322
50,873,5.88219141442254,210686.13755309663,0,-7.730590652258545,0.7365999999999999,0.1255872435326874,0.37479388912923567,178.8330229902594,158.63752860295733,508.0,15.0,47327.67444305798,25743.86148988285,0.7279437374103197,1.0625,0.928689987854111,1.0,1.1460573938435863,80701.63653507952,37127.4319722423,1780.9938628430064,1489.8235909965556
50,576,5.8352486643762544,211137.48512619938,0,-5.880237809798805,0.7365999999999999,0.1445296201621532,0.3804494920066205,177.40584843798797,159.99771640308487,508.0,15.0,47327.67444305798,25361.164022344517,0.7369596355585566,1.0625,0.9353237809222416,1.0,1.1088931822954942,80273.60289665312,34820.87620844171,1780.9938628430064,1456.3780172004424
50,925,5.661996370780138,211675.9336073274,0,-4.7695487886967864,0.7365999999999999,0.12573993188160368,0.3827949961146896,169.42771108447943,154.3485538148862,500.0,14.0,48084.9172341469,25205.768275264272,0.7342581766740293,1.0666666666666667,0.9228234636957594,1.0,1.1457690773201459,81038.01878575562,27068.70626290764,1803.7543409380582,1588.0576517914365
50,907,5.628633739346433,211815.67459723118,0,-17.665399034308592,0.7365999999999999,0.14306822384586784,0.3635166497778572,200.0941019078088,163.12187746753588,594.0,15.0,42976.04310676186,33107.53767886312,0.6576609539692215,1.0625,0.9157846613433681,1.0,1.1118559417757266,76961.14132515382,55418.681364268545,1648.7371824045333,1506.3686492102322
50,857,5.88219141442254,212093.56575377,0,-7.570634977336557,0.7365999999999999,0.13109361714398188,0.3752269779463185,178.8330229902594,158.86294238836194,508.0,15.0,47327.67444305798,25714.147798770286,0.7298948197519327,1.0625,0.9319004488322129,1.0,1.1355399679971043,80701.63653507952,35720.003771568925,1780.9938628430064,1484.1751151144654
50,983,5.670892044966688,212638.81203873514,0,-17.62387552293453,0.7365999999999999,0.1254215904754301,0.3827949961146896,201.59635593654804,164.40220558747808,594.0,14.0,40475.51955736272,31440.173726326964,0.6633780130955913,1.0666666666666667,0.90815460723768,1.0,1.1463699732570598,59015.09575527512,50600.69814253776,1571.5356478603373,1511.2283975828866
50,835,5.88219141442254,213101.15444311182,0,-7.312014663064506,0.7365999999999999,0.1314275786226567,0.38174787962668166,178.8330229902594,159.22875529101458,508.0,15.0,47327.67444305798,25274.906512730704,0.7335389308598479,1.0625,0.9319004488322129,1.0,1.1348942774055133,80701.63653507952,34712.415082227104,1780.9938628430064,1475.0990799224287
50,800,5.648289551934924,213583.05310950993,0,-3.959046459368013,0.7365999999999999,0.14386818347522878,0.3804494920066205,169.0175527602567,155.12025687861095,500.0,14.0,48084.9172341469,25361.164022344517,0.7386433982959267,1.0666666666666667,0.9302700510249621,1.0,1.1102360278970012,80909.4758766659,24622.885527412684,1803.7543409380582,1566.3044353579025
50,813,5.648365111237419,213586.53206770847,0,-3.9601112813193566,0.7365999999999999,0.14387528226312557,0.3804494920066205,169.01981377189193,155.12081603469278,500.0,14.0,48084.9172341469,25361.164022344517,0.7386456445247922,1.0666666666666667,0.9302700510249621,1.0,1.1102216324665442,80910.18447380004,24622.376177983497,1803.7543409380582,1566.2888895995723
50,780,5.648306831389028,213934.30191444795,0,-3.7812138328844025,0.7365999999999999,0.14567579930680327,0.38269458839679316,169.01806982493952,155.37431866185483,500.0,14.0,48084.9172341469,25212.381521824533,0.7404023442529978,1.0666666666666667,0.9302700510249621,1.0,1.1065588925524183,80909.6379238428,24272.315834334357,1803.7543409380582,1559.2726050373062
50,717,5.662275908730292,214179.96234510266,0,-4.192082472247879,0.7365999999999999,0.1445296201621532,0.3804494920066205,169.4360758858594,155.17249240934942,500.0,14.0,48084.9172341469,25361.164022344517,0.7388528157674921,1.0666666666666667,0.9302700510249621,1.0,1.1088931822954942,81040.64030003399,24575.663840790767,1803.7543409380582,1564.8535045900267
50,535,5.6487023588974195,214449.95435128614,0,-0.7074279255583598,0.7365999999999999,0.14403982868746457,0.4434511723480277,171.73438394694003,162.46198334130256,508.0,12.0,47327.67444305798,21758.070720410997,0.766685330442129,1.0769230769230769,0.9353237809222416,1.0,1.1098878530179177,78572.63536087009,24135.974956523998,1780.9938628430064,1399.4595709862601
50,744,5.662275908730292,214483.31035155905,0,-4.0502454621265525,0.7365999999999999,0.14567579930680327,0.38269458839679316,169.4360758858594,155.37431866185483,500.0,14.0,48084.9172341469,25212.381521824533,0.7404023442529978,1.0666666666666667,0.9302700510249621,1.0,1.1065588925524183,81040.64030003399,24272.315834334357,1803.7543409380582,1559.2726050373062
51,701,5.670428237677538,202444.32874132306,0,-4.105294081248509,0.7365999999999999,0.11276557741514995,0.3804494920066205,172.39490386301114,158.00782658138672,508.0,14.0,47327.67444305798,25361.164022344517,0.7271454290896975,1.0666666666666667,0.9256705846099288,1.0,1.1695548239072064,78770.73638676005,37000.22150844815,1780.9938628430064,1505.8330841636796
51,976,5.670428237677538,202444.32874132306,0,-4.105294081248509,0.7365999999999999,0.11276557741514995,0.3804494920066205,172.39490386301114,158.00782658138672,508.0,14.0,47327.67444305798,25361.164022344517,0.7271454290896975,1.0666666666666667,0.9256705846099288,1.0,1.1695548239072064,78770.73638676005,37000.22150844815,1780.9938628430064,1505.8330841636796
51,921,5.648289551934924,203665.31449629378,0,-3.211251040084612,0.7365999999999999,0.12582890792002194,0.37998743683135067,171.72183360442082,158.6912931454882,508.0,14.0,47327.67444305798,25392.002560547542,0.7308615622237968,1.0666666666666667,0.928689987854111,1.0,1.1456009779458607,78568.87130218263,34904.300410309675,1780.9938628430064,1488.4724445763295
51,970,5.735587197450065,204259.14976916084,0,-5.055367877733813,0.7365999999999999,0.12582890792002194,0.3707117834499022,174.3758957978283,158.44378984907985,508.0,15.0,47327.67444305798,26027.340914836244,0.7257426930592441,1.0625,0.928689987854111,1.0,1.1456009779458607,79364.86916764772,37760.5251963152,1780.9938628430064,1494.7128148385425
51,978,5.677252612761764,204650.3097331397,0,-4.282699661097526,0.7365999999999999,0.11249298204781215,0.37947406793582106,172.60238157673177,157.94117651924626,508.0,14.0,47327.67444305798,25426.353957418218,0.7265300225134217,1.0666666666666667,0.9256705846099288,1.0,1.170038480339226,78832.96244071743,35063.9442843095,1780.9938628430064,1507.547749167043
51,942,5.676392649154383,204736.24749513625,0,-4.238868550103614,0.7365999999999999,0.1124542771759751,0.3803087153331706,172.57623657723505,157.98061520390158,508.0,14.0,47327.67444305798,25370.551817474996,0.7269751895377441,1.0666666666666667,0.9256705846099287,1.0,1.1701070972035874,78825.121115882,34944.0201979808,1780.9938628430064,1506.532663104717
51,926,5.502526682115964,204900.1339169476,0,-13.847070069446097,0.7365999999999999,0.14306822384586784,0.3635166497778572,195.61108177729713,164.59057986284003,594.0,15.0,40475.51955736272,33107.53767886312,0.6576609539692215,1.0625,0.9157846613433681,1.0,1.1118559417757266,57850.71922461805,55418.681364268545,1571.5356478603373,1506.3686492102322
51,873,5.88219141442254,210686.13755309663,0,-7.730590652258545,0.7365999999999999,0.1255872435326874,0.37479388912923567,178.8330229902594,158.63752860295733,508.0,15.0,47327.67444305798,25743.86148988285,0.7279437374103197,1.0625,0.928689987854111,1.0,1.1460573938435863,80701.63653507952,37127.4319722423,1780.9938628430064,1489.8235909965556
51,576,5.8352486643762544,211137.48512619938,0,-5.880237809798805,0.7365999999999999,0.1445296201621532,0.3804494920066205,177.40584843798797,159.99771640308487,508.0,15.0,47327.67444305798,25361.164022344517,0.7369596355585566,1.0625,0.9353237809222416,1.0,1.1088931822954942,80273.60289665312,34820.87620844171,1780.9938628430064,1456.3780172004424
51,925,5.661996370780138,211675.9336073274,0,-4.7695487886967864,0.7365999999999999,0.12573993188160368,0.3827949961146896,169.42771108447943,154.3485538148862,500.0,14.0,48084.9172341469,25205.768275264272,0.7342581766740293,1.0666666666666667,0.9228234636957594,1.0,1.1457690773201459,81038.01878575562,27068.70626290764,1803.7543409380582,1588.0576517914365
51,907,5.628633739346433,211815.67459723118,0,-17.665399034308592,0.7365999999999999,0.14306822384586784,0.3635166497778572,200.0941019078088,163.12187746753588,594.0,15.0,42976.04310676186,33107.53767886312,0.6576609539692215,1.0625,0.9157846613433681,1.0,1.1118559417757266,76961.14132515382,55418.681364268545,1648.7371824045333,1506.3686492102322
51,857,5.88219141442254,212093.56575377,0,-7.570634977336557,0.7365999999999999,0.13109361714398188,0.3752269779463185,178.8330229902594,158.86294238836194,508.0,15.0,47327.67444305798,25714.147798770286,0.7298948197519327,1.0625,0.9319004488322129,1.0,1.1355399679971043,80701.63653507952,35720.003771568925,1780.9938628430064,1484.1751151144654
51,983,5.670892044966688,212638.81203873514,0,-17.62387552293453,0.7365999999999999,0.1254215904754301,0.3827949961146896,201.59635593654804,164.40220558747808,594.0,14.0,40475.51955736272,31440.173726326964,0.6633780130955913,1.0666666666666667,0.90815460723768,1.0,1.1463699732570598,59015.09575527512,50600.69814253776,1571.5356478603373,1511.2283975828866
51,835,5.88219141442254,213101.15444311182,0,-7.312014663064506,0.7365999999999999,0.1314275786226567,0.38174787962668166,178.8330229902594,159.22875529101458,508.0,15.0,47327.67444305798,25274.906512730704,0.7335389308598479,1.0625,0.9319004488322129,1.0,1.1348942774055133,80701.63653507952,34712.415082227104,1780.9938628430064,1475.0990799224287
51,800,5.648289551934924,213583.05310950993,0,-3.959046459368013,0.7365999999999999,0.14386818347522878,0.3804494920066205,169.0175527602567,155.12025687861095,500.0,14.0,48084.9172341469,25361.164022344517,0.7386433982959267,1.0666666666666667,0.9302700510249621,1.0,1.1102360278970012,80909.4758766659,24622.885527412684,1803.7543409380582,1566.3044353579025
51,813,5.648365111237419,213586.53206770847,0,-3.9601112813193566,0.7365999999999999,0.14387528226312557,0.3804494920066205,169.01981377189193,155.12081603469278,500.0,14.0,48084.9172341469,25361.164022344517,0.7386456445247922,1.0666666666666667,0.9302700510249621,1.0,1.1102216324665442,80910.18447380004,24622.376177983497,1803.7543409380582,1566.2888895995723
51,1002,5.6781953423378795,213786.3538698981,0,-4.601861620466845,0.7365999999999999,0.12571882039163404,0.3971329755123785,169.9124437641248,155.02696875031515,500.0,14.0,48084.9172341469,24295.746170533774,0.7416981110861467,1.0666666666666667,0.9228234636957594,1.0,1.1458089529422075,81189.93316879426,25594.933063020944,1803.7543409380582,1568.9023764073925
51,780,5.648306831389028,213934.30191444795,0,-3.7812138328844025,0.7365999999999999,0.14567579930680327,0.38269458839679316,169.01806982493952,155.37431866185483,500.0,14.0,48084.9172341469,25212.381521824533,0.7404023442529978,1.0666666666666667,0.9302700510249621,1.0,1.1065588925524183,80909.6379238428,24272.315834334357,1803.7543409380582,1559.2726050373062
51,717,5.662275908730292,214179.96234510266,0,-4.192082472247879,0.7365999999999999,0.1445296201621532,0.3804494920066205,169.4360758858594,155.17249240934942,500.0,14.0,48084.9172341469,25361.164022344517,0.7388528157674921,1.0666666666666667,0.9302700510249621,1.0,1.1088931822954942,81040.64030003399,24575.663840790767,1803.7543409380582,1564.8535045900267
51,535,5.6487023588974195,214449.95435128614,0,-0.7074279255583598,0.7365999999999999,0.14403982868746457,0.4434511723480277,171.73438394694003,162.46198334130256,508.0,12.0,47327.67444305798,21758.070720410997,0.766685330442129,1.0769230769230769,0.9353237809222416,1.0,1.1098878530179177,78572.63536087009,24135.974956523998,1780.9938628430064,1399.4595709862601
52,1022,5.670892044966688,201558.77816959028,0,-3.8559147906193,0.7365999999999999,0.12541636381774443,0.3701053774802628,172.40900474034748,158.38276227063125,508.0,15.0,47327.67444305798,26069.985890740274,0.7252730151736587,1.0625,0.928689987854111,1.0,1.14637983201593,78774.965476903,37904.102047660184,1780.9938628430064,1496.25957027385
52,701,5.670428237677538,202444.32874132306,0,-4.105294081248509,0.7365999999999999,0.11276557741514995,0.3804494920066205,172.39490386301114,158.00782658138672,508.0,14.0,47327.67444305798,25361.164022344517,0.7271454290896975,1.0666666666666667,0.9256705846099288,1.0,1.1695548239072064,78770.73638676005,37000.22150844815,1780.9938628430064,1505.8330841636796
52,976,5.670428237677538,202444.32874132306,0,-4.105294081248509,0.7365999999999999,0.11276557741514995,0.3804494920066205,172.39490386301114,158.00782658138672,508.0,14.0,47327.67444305798,25361.164022344517,0.7271454290896975,1.0666666666666667,0.9256705846099288,1.0,1.1695548239072064,78770.73638676005,37000.22150844815,1780.9938628430064,1505.8330841636796
52,1031,5.67065035292976,202452.3237246959,0,-4.109852501819891,0.7365999999999999,0.11275921423424165,0.3804494920066205,172.4016567105825,158.0074143237495,508.0,14.0,47327.67444305798,25361.164022344517,0.7271435205856311,1.0666666666666667,0.9256705846099288,1.0,1.1695661217201316,78772.76167925922,37001.004665145796,1780.9938628430064,1505.8436780729344
52,921,5.648289551934924,203665.31449629378,0,-3.211251040084612,0.7365999999999999,0.12582890792002194,0.37998743683135067,171.72183360442082,158.6912931454882,508.0,14.0,47327.67444305798,25392.002560547542,0.7308615622237968,1.0666666666666667,0.928689987854111,1.0,1.1456009779458607,78568.87130218263,34904.300410309675,1780.9938628430064,1488.4724445763295
52,970,5.735587197450065,204259.14976916084,0,-5.055367877733813,0.7365999999999999,0.12582890792002194,0.3707117834499022,174.3758957978283,158.44378984907985,508.0,15.0,47327.67444305798,26027.340914836244,0.7257426930592441,1.0625,0.928689987854111,1.0,1.1456009779458607,79364.86916764772,37760.5251963152,1780.9938628430064,1494.7128148385425
52,978,5.677252612761764,204650.3097331397,0,-4.282699661097526,0.7365999999999999,0.11249298204781215,0.37947406793582106,172.60238157673177,157.94117651924626,508.0,14.0,47327.67444305798,25426.353957418218,0.7265300225134217,1.0666666666666667,0.9256705846099288,1.0,1.170038480339226,78832.96244071743,35063.9442843095,1780.9938628430064,1507.547749167043
52,942,5.676392649154383,204736.24749513625,0,-4.238868550103614,0.7365999999999999,0.1124542771759751,0.3803087153331706,172.57623657723505,157.98061520390158,508.0,14.0,47327.67444305798,25370.551817474996,0.7269751895377441,1.0666666666666667,0.9256705846099287,1.0,1.1701070972035874,78825.121115882,34944.0201979808,1780.9938628430064,1506.532663104717
52,926,5.502526682115964,204900.1339169476,0,-13.847070069446097,0.7365999999999999,0.14306822384586784,0.3635166497778572,195.61108177729713,164.59057986284003,594.0,15.0,40475.51955736272,33107.53767886312,0.6576609539692215,1.0625,0.9157846613433681,1.0,1.1118559417757266,57850.71922461805,55418.681364268545,1571.5356478603373,1506.3686492102322
52,873,5.88219141442254,210686.13755309663,0,-7.730590652258545,0.7365999999999999,0.1255872435326874,0.37479388912923567,178.8330229902594,158.63752860295733,508.0,15.0,47327.67444305798,25743.86148988285,0.7279437374103197,1.0625,0.928689987854111,1.0,1.1460573938435863,80701.63653507952,37127.4319722423,1780.9938628430064,1489.8235909965556
52,576,5.8352486643762544,211137.48512619938,0,-5.880237809798805,0.7365999999999999,0.1445296201621532,0.3804494920066205,177.40584843798797,159.99771640308487,508.0,15.0,47327.67444305798,25361.164022344517,0.7369596355585566,1.0625,0.9353237809222416,1.0,1.1088931822954942,80273.60289665312,34820.87620844171,1780.9938628430064,1456.3780172004424
52,925,5.661996370780138,211675.9336073274,0,-4.7695487886967864,0.7365999999999999,0.12573993188160368,0.3827949961146896,169.42771108447943,154.3485538148862,500.0,14.0,48084.9172341469,25205.768275264272,0.7342581766740293,1.0666666666666667,0.9228234636957594,1.0,1.1457690773201459,81038.01878575562,27068.70626290764,1803.7543409380582,1588.0576517914365
52,907,5.628633739346433,211815.67459723118,0,-17.665399034308592,0.7365999999999999,0.14306822384586784,0.3635166497778572,200.0941019078088,163.12187746753588,594.0,15.0,42976.04310676186,33107.53767886312,0.6576609539692215,1.0625,0.9157846613433681,1.0,1.1118559417757266,76961.14132515382,55418.681364268545,1648.7371824045333,1506.3686492102322
52,857,5.88219141442254,212093.56575377,0,-7.570634977336557,0.7365999999999999,0.13109361714398188,0.3752269779463185,178.8330229902594,158.86294238836194,508.0,15.0,47327.67444305798,25714.147798770286,0.7298948197519327,1.0625,0.9319004488322129,1.0,1.1355399679971043,80701.63653507952,35720.003771568925,1780.9938628430064,1484.1751151144654
52,983,5.670892044966688,212638.81203873514,0,-17.62387552293453,0.7365999999999999,0.1254215904754301,0.3827949961146896,201.59635593654804,164.40220558747808,594.0,14.0,40475.51955736272,31440.173726326964,0.6633780130955913,1.0666666666666667,0.90815460723768,1.0,1.1463699732570598,59015.09575527512,50600.69814253776,1571.5356478603373,1511.2283975828866
52,835,5.88219141442254,213101.15444311182,0,-7.312014663064506,0.7365999999999999,0.1314275786226567,0.38174787962668166,178.8330229902594,159.22875529101458,508.0,15.0,47327.67444305798,25274.906512730704,0.7335389308598479,1.0625,0.9319004488322129,1.0,1.1348942774055133,80701.63653507952,34712.415082227104,1780.9938628430064,1475.0990799224287
52,800,5.648289551934924,213583.05310950993,0,-3.959046459368013,0.7365999999999999,0.14386818347522878,0.3804494920066205,169.0175527602567,155.12025687861095,500.0,14.0,48084.9172341469,25361.164022344517,0.7386433982959267,1.0666666666666667,0.9302700510249621,1.0,1.1102360278970012,80909.4758766659,24622.885527412684,1803.7543409380582,1566.3044353579025
52,813,5.648365111237419,213586.53206770847,0,-3.9601112813193566,0.7365999999999999,0.14387528226312557,0.3804494920066205,169.01981377189193,155.12081603469278,500.0,14.0,48084.9172341469,25361.164022344517,0.7386456445247922,1.0666666666666667,0.9302700510249621,1.0,1.1102216324665442,80910.18447380004,24622.376177983497,1803.7543409380582,1566.2888895995723
52,1002,5.6781953423378795,213786.3538698981,0,-4.601861620466845,0.7365999999999999,0.12571882039163404,0.3971329755123785,169.9124437641248,155.02696875031515,500.0,14.0,48084.9172341469,24295.746170533774,0.7416981110861467,1.0666666666666667,0.9228234636957594,1.0,1.1458089529422075,81189.93316879426,25594.933063020944,1803.7543409380582,1568.9023764073925
52,780,5.648306831389028,213934.30191444795,0,-3.7812138328844025,0.7365999999999999,0.14567579930680327,0.38269458839679316,169.01806982493952,155.37431866185483,500.0,14.0,48084.9172341469,25212.381521824533,0.7404023442529978,1.0666666666666667,0.9302700510249621,1.0,1.1065588925524183,80909.6379238428,24272.315834334357,1803.7543409380582,1559.2726050373062
53,1022,5.670892044966688,201558.77816959028,0,-3.8559147906193,0.7365999999999999,0.12541636381774443,0.3701053774802628,172.40900474034748,158.38276227063125,508.0,15.0,47327.67444305798,26069.985890740274,0.7252730151736587,1.0625,0.928689987854111,1.0,1.14637983201593,78774.965476903,37904.102047660184,1780.9938628430064,1496.25957027385
53,701,5.670428237677538,202444.32874132306,0,-4.105294081248509,0.7365999999999999,0.11276557741514995,0.3804494920066205,172.39490386301114,158.00782658138672,508.0,14.0,47327.67444305798,25361.164022344517,0.7271454290896975,1.0666666666666667,0.9256705846099288,1.0,1.1695548239072064,78770.73638676005,37000.22150844815,1780.9938628430064,1505.8330841636796
53,976,5.670428237677538,202444.32874132306,0,-4.105294081248509,0.7365999999999999,0.11276557741514995,0.3804494920066205,172.39490386301114,158.00782658138672,508.0,14.0,47327.67444305798,25361.164022344517,0.7271454290896975,1.0666666666666667,0.9256705846099288,1.0,1.1695548239072064,78770.73638676005,37000.22150844815,1780.9938628430064,1505.8330841636796
53,1031,5.67065035292976,202452.3237246959,0,-4.109852501819891,0.7365999999999999,0.11275921423424165,0.3804494920066205,172.4016567105825,158.0074143237495,508.0,14.0,47327.67444305798,25361.164022344517,0.7271435205856311,1.0666666666666667,0.9256705846099288,1.0,1.1695661217201316,78772.76167925922,37001.004665145796,1780.9938628430064,1505.8436780729344
53,921,5.648289551934924,203665.31449629378,0,-3.211251040084612,0.7365999999999999,0.12582890792002194,0.37998743683135067,171.72183360442082,158.6912931454882,508.0,14.0,47327.67444305798,25392.002560547542,0.7308615622237968,1.0666666666666667,0.928689987854111,1.0,1.1456009779458607,78568.87130218263,34904.300410309675,1780.9938628430064,1488.4724445763295
53,970,5.735587197450065,204259.14976916084,0,-5.055367877733813,0.7365999999999999,0.12582890792002194,0.3707117834499022,174.3758957978283,158.44378984907985,508.0,15.0,47327.67444305798,26027.340914836244,0.7257426930592441,1.0625,0.928689987854111,1.0,1.1456009779458607,79364.86916764772,37760.5251963152,1780.9938628430064,1494.7128148385425
53,978,5.677252612761764,204650.3097331397,0,-4.282699661097526,0.7365999999999999,0.11249298204781215,0.37947406793582106,172.60238157673177,157.94117651924626,508.0,14.0,47327.67444305798,25426.353957418218,0.7265300225134217,1.0666666666666667,0.9256705846099288,1.0,1.170038480339226,78832.96244071743,35063.9442843095,1780.9938628430064,1507.547749167043
53,942,5.676392649154383,204736.24749513625,0,-4.238868550103614,0.7365999999999999,0.1124542771759751,0.3803087153331706,172.57623657723505,157.98061520390158,508.0,14.0,47327.67444305798,25370.551817474996,0.7269751895377441,1.0666666666666667,0.9256705846099287,1.0,1.1701070972035874,78825.121115882,34944.0201979808,1780.9938628430064,1506.532663104717
53,926,5.502526682115964,204900.1339169476,0,-13.847070069446097,0.7365999999999999,0.14306822384586784,0.3635166497778572,195.61108177729713,164.59057986284003,594.0,15.0,40475.51955736272,33107.53767886312,0.6576609539692215,1.0625,0.9157846613433681,1.0,1.1118559417757266,57850.71922461805,55418.681364268545,1571.5356478603373,1506.3686492102322
53,873,5.88219141442254,210686.13755309663,0,-7.730590652258545,0.7365999999999999,0.1255872435326874,0.37479388912923567,178.8330229902594,158.63752860295733,508.0,15.0,47327.67444305798,25743.86148988285,0.7279437374103197,1.0625,0.928689987854111,1.0,1.1460573938435863,80701.63653507952,37127.4319722423,1780.9938628430064,1489.8235909965556
53,576,5.8352486643762544,211137.48512619938,0,-5.880237809798805,0.7365999999999999,0.1445296201621532,0.3804494920066205,177.40584843798797,159.99771640308487,508.0,15.0,47327.67444305798,25361.164022344517,0.7369596355585566,1.0625,0.9353237809222416,1.0,1.1088931822954942,80273.60289665312,34820.87620844171,1780.9938628430064,1456.3780172004424
53,925,5.661996370780138,211675.9336073274,0,-4.7695487886967864,0.7365999999999999,0.12573993188160368,0.3827949961146896,169.42771108447943,154.3485538148862,500.0,14.0,48084.9172341469,25205.768275264272,0.7342581766740293,1.0666666666666667,0.9228234636957594,1.0,1.1457690773201459,81038.01878575562,27068.70626290764,1803.7543409380582,1588.0576517914365
53,907,5.628633739346433,211815.67459723118,0,-17.665399034308592,0.7365999999999999,0.14306822384586784,0.3635166497778572,200.0941019078088,163.12187746753588,594.0,15.0,42976.04310676186,33107.53767886312,0.6576609539692215,1.0625,0.9157846613433681,1.0,1.1118559417757266,76961.14132515382,55418.681364268545,1648.7371824045333,1506.3686492102322
53,857,5.88219141442254,212093.56575377,0,-7.570634977336557,0.7365999999999999,0.13109361714398188,0.3752269779463185,178.8330229902594,158.86294238836194,508.0,15.0,47327.67444305798,25714.147798770286,0.7298948197519327,1.0625,0.9319004488322129,1.0,1.1355399679971043,80701.63653507952,35720.003771568925,1780.9938628430064,1484.1751151144654
53,983,5.670892044966688,212638.81203873514,0,-17.62387552293453,0.7365999999999999,0.1254215904754301,0.3827949961146896,201.59635593654804,164.40220558747808,594.0,14.0,40475.51955736272,31440.173726326964,0.6633780130955913,1.0666666666666667,0.90815460723768,1.0,1.1463699732570598,59015.09575527512,50600.69814253776,1571.5356478603373,1511.2283975828866
53,835,5.88219141442254,213101.15444311182,0,-7.312014663064506,0.7365999999999999,0.1314275786226567,0.38174787962668166,178.8330229902594,159.22875529101458,508.0,15.0,47327.67444305798,25274.906512730704,0.7335389308598479,1.0625,0.9319004488322129,1.0,1.1348942774055133,80701.63653507952,34712.415082227104,1780.9938628430064,1475.0990799224287
53,800,5.648289551934924,213583.05310950993,0,-3.959046459368013,0.7365999999999999,0.14386818347522878,0.3804494920066205,169.0175527602567,155.12025687861095,500.0,14.0,48084.9172341469,25361.164022344517,0.7386433982959267,1.0666666666666667,0.9302700510249621,1.0,1.1102360278970012,80909.4758766659,24622.885527412684,1803.7543409380582,1566.3044353579025
53,813,5.648365111237419,213586.53206770847,0,-3.9601112813193566,0.7365999999999999,0.14387528226312557,0.3804494920066205,169.01981377189193,155.12081603469278,500.0,14.0,48084.9172341469,25361.164022344517,0.7386456445247922,1.0666666666666667,0.9302700510249621,1.0,1.1102216324665442,80910.18447380004,24622.376177983497,1803.7543409380582,1566.2888895995723
53,1054,5.679062793046473,213660.32116499427,0,-5.327344351563152,0.7365999999999999,0.12196313432326626,0.3814549082783634,169.93840107289208,154.03108093617803,500.0,14.0,48084.9172341469,25294.31856715431,0.7323898750892959,1.0666666666666667,0.9228234636957594,1.0,1.1528435508839174,81198.06814444644,25755.058052344222,1803.7543409380582,1597.183188976607
53,1002,5.6781953423378795,213786.3538698981,0,-4.601861620466845,0.7365999999999999,0.12571882039163404,0.3971329755123785,169.9124437641248,155.02696875031515,500.0,14.0,48084.9172341469,24295.746170533774,0.7416981110861467,1.0666666666666667,0.9228234636957594,1.0,1.1458089529422075,81189.93316879426,25594.933063020944,1803.7543409380582,1568.9023764073925
54,1022,5.670892044966688,201558.77816959028,0,-3.8559147906193,0.7365999999999999,0.12541636381774443,0.3701053774802628,172.40900474034748,158.38276227063125,508.0,15.0,47327.67444305798,26069.985890740274,0.7252730151736587,1.0625,0.928689987854111,1.0,1.14637983201593,78774.965476903,37904.102047660184,1780.9938628430064,1496.25957027385
54,701,5.670428237677538,202444.32874132306,0,-4.105294081248509,0.7365999999999999,0.11276557741514995,0.3804494920066205,172.39490386301114,158.00782658138672,508.0,14.0,47327.67444305798,25361.164022344517,0.7271454290896975,1.0666666666666667,0.9256705846099288,1.0,1.1695548239072064,78770.73638676005,37000.22150844815,1780.9938628430064,1505.8330841636796
54,976,5.670428237677538,202444.32874132306,0,-4.105294081248509,0.7365999999999999,0.11276557741514995,0.3804494920066205,172.39490386301114,158.00782658138672,508.0,14.0,47327.67444305798,25361.164022344517,0.7271454290896975,1.0666666666666667,0.9256705846099288,1.0,1.1695548239072064,78770.73638676005,37000.22150844815,1780.9938628430064,1505.8330841636796
54,1031,5.67065035292976,202452.3237246959,0,-4.109852501819891,0.7365999999999999,0.11275921423424165,0.3804494920066205,172.4016567105825,158.0074143237495,508.0,14.0,47327.67444305798,25361.164022344517,0.7271435205856311,1.0666666666666667,0.9256705846099288,1.0,1.1695661217201316,78772.76167925922,37001.004665145796,1780.9938628430064,1505.8436780729344
54,921,5.648289551934924,203665.31449629378,0,-3.211251040084612,0.7365999999999999,0.12582890792002194,0.37998743683135067,171.72183360442082,158.6912931454882,508.0,14.0,47327.67444305798,25392.002560547542,0.7308615622237968,1.0666666666666667,0.928689987854111,1.0,1.1456009779458607,78568.87130218263,34904.300410309675,1780.9938628430064,1488.4724445763295
54,970,5.735587197450065,204259.14976916084,0,-5.055367877733813,0.7365999999999999,0.12582890792002194,0.3707117834499022,174.3758957978283,158.44378984907985,508.0,15.0,47327.67444305798,26027.340914836244,0.7257426930592441,1.0625,0.928689987854111,1.0,1.1456009779458607,79364.86916764772,37760.5251963152,1780.9938628430064,1494.7128148385425
54,978,5.677252612761764,204650.3097331397,0,-4.282699661097526,0.7365999999999999,0.11249298204781215,0.37947406793582106,172.60238157673177,157.94117651924626,508.0,14.0,47327.67444305798,25426.353957418218,0.7265300225134217,1.0666666666666667,0.9256705846099288,1.0,1.170038480339226,78832.96244071743,35063.9442843095,1780.9938628430064,1507.547749167043
54,942,5.676392649154383,204736.24749513625,0,-4.238868550103614,0.7365999999999999,0.1124542771759751,0.3803087153331706,172.57623657723505,157.98061520390158,508.0,14.0,47327.67444305798,25370.551817474996,0.7269751895377441,1.0666666666666667,0.9256705846099287,1.0,1.1701070972035874,78825.121115882,34944.0201979808,1780.9938628430064,1506.532663104717
54,926,5.502526682115964,204900.1339169476,0,-13.847070069446097,0.7365999999999999,0.14306822384586784,0.3635166497778572,195.61108177729713,164.59057986284003,594.0,15.0,40475.51955736272,33107.53767886312,0.6576609539692215,1.0625,0.9157846613433681,1.0,1.1118559417757266,57850.71922461805,55418.681364268545,1571.5356478603373,1506.3686492102322
54,1075,5.670892044966688,205857.33688169636,0,-3.452832848068507,0.7365999999999999,0.13262802048515682,0.3795264344380557,172.40900474034748,158.97141661746645,508.0,14.0,47327.67444305798,25422.845666294037,0.7327168951911935,1.0666666666666667,0.9319004488322129,1.0,1.132566077766996,78774.965476903,33605.54333555413,1780.9938628430064,1481.4721774399761
54,873,5.88219141442254,210686.13755309663,0,-7.730590652258545,0.7365999999999999,0.1255872435326874,0.37479388912923567,178.8330229902594,158.63752860295733,508.0,15.0,47327.67444305798,25743.86148988285,0.7279437374103197,1.0625,0.928689987854111,1.0,1.1460573938435863,80701.63653507952,37127.4319722423,1780.9938628430064,1489.8235909965556
54,576,5.8352486643762544,211137.48512619938,0,-5.880237809798805,0.7365999999999999,0.1445296201621532,0.3804494920066205,177.40584843798797,159.99771640308487,508.0,15.0,47327.67444305798,25361.164022344517,0.7369596355585566,1.0625,0.9353237809222416,1.0,1.1088931822954942,80273.60289665312,34820.87620844171,1780.9938628430064,1456.3780172004424
54,925,5.661996370780138,211675.9336073274,0,-4.7695487886967864,0.7365999999999999,0.12573993188160368,0.3827949961146896,169.42771108447943,154.3485538148862,500.0,14.0,48084.9172341469,25205.768275264272,0.7342581766740293,1.0666666666666667,0.9228234636957594,1.0,1.1457690773201459,81038.01878575562,27068.70626290764,1803.7543409380582,1588.0576517914365
54,907,5.628633739346433,211815.67459723118,0,-17.665399034308592,0.7365999999999999,0.14306822384586784,0.3635166497778572,200.0941019078088,163.12187746753588,594.0,15.0,42976.04310676186,33107.53767886312,0.6576609539692215,1.0625,0.9157846613433681,1.0,1.1118559417757266,76961.14132515382,55418.681364268545,1648.7371824045333,1506.3686492102322
54,857,5.88219141442254,212093.56575377,0,-7.570634977336557,0.7365999999999999,0.13109361714398188,0.3752269779463185,178.8330229902594,158.86294238836194,508.0,15.0,47327.67444305798,25714.147798770286,0.7298948197519327,1.0625,0.9319004488322129,1.0,1.1355399679971043,80701.63653507952,35720.003771568925,1780.9938628430064,1484.1751151144654
54,983,5.670892044966688,212638.81203873514,0,-17.62387552293453,0.7365999999999999,0.1254215904754301,0.3827949961146896,201.59635593654804,164.40220558747808,594.0,14.0,40475.51955736272,31440.173726326964,0.6633780130955913,1.0666666666666667,0.90815460723768,1.0,1.1463699732570598,59015.09575527512,50600.69814253776,1571.5356478603373,1511.2283975828866
54,835,5.88219141442254,213101.15444311182,0,-7.312014663064506,0.7365999999999999,0.1314275786226567,0.38174787962668166,178.8330229902594,159.22875529101458,508.0,15.0,47327.67444305798,25274.906512730704,0.7335389308598479,1.0625,0.9319004488322129,1.0,1.1348942774055133,80701.63653507952,34712.415082227104,1780.9938628430064,1475.0990799224287
54,800,5.648289551934924,213583.05310950993,0,-3.959046459368013,0.7365999999999999,0.14386818347522878,0.3804494920066205,169.0175527602567,155.12025687861095,500.0,14.0,48084.9172341469,25361.164022344517,0.7386433982959267,1.0666666666666667,0.9302700510249621,1.0,1.1102360278970012,80909.4758766659,24622.885527412684,1803.7543409380582,1566.3044353579025
54,813,5.648365111237419,213586.53206770847,0,-3.9601112813193566,0.7365999999999999,0.14387528226312557,0.3804494920066205,169.01981377189193,155.12081603469278,500.0,14.0,48084.9172341469,25361.164022344517,0.7386456445247922,1.0666666666666667,0.9302700510249621,1.0,1.1102216324665442,80910.18447380004,24622.376177983497,1803.7543409380582,1566.2888895995723
54,1054,5.679062793046473,213660.32116499427,0,-5.327344351563152,0.7365999999999999,0.12196313432326626,0.3814549082783634,169.93840107289208,154.03108093617803,500.0,14.0,48084.9172341469,25294.31856715431,0.7323898750892959,1.0666666666666667,0.9228234636957594,1.0,1.1528435508839174,81198.06814444644,25755.058052344222,1803.7543409380582,1597.183188976607
55,1022,5.670892044966688,201558.77816959028,0,-3.8559147906193,0.7365999999999999,0.12541636381774443,0.3701053774802628,172.40900474034748,158.38276227063125,508.0,15.0,47327.67444305798,26069.985890740274,0.7252730151736587,1.0625,0.928689987854111,1.0,1.14637983201593,78774.965476903,37904.102047660184,1780.9938628430064,1496.25957027385
55,701,5.670428237677538,202444.32874132306,0,-4.105294081248509,0.7365999999999999,0.11276557741514995,0.3804494920066205,172.39490386301114,158.00782658138672,508.0,14.0,47327.67444305798,25361.164022344517,0.7271454290896975,1.0666666666666667,0.9256705846099288,1.0,1.1695548239072064,78770.73638676005,37000.22150844815,1780.9938628430064,1505.8330841636796
55,976,5.670428237677538,202444.32874132306,0,-4.105294081248509,0.7365999999999999,0.11276557741514995,0.3804494920066205,172.39490386301114,158.00782658138672,508.0,14.0,47327.67444305798,25361.164022344517,0.7271454290896975,1.0666666666666667,0.9256705846099288,1.0,1.1695548239072064,78770.73638676005,37000.22150844815,1780.9938628430064,1505.8330841636796
55,1031,5.67065035292976,202452.3237246959,0,-4.109852501819891,0.7365999999999999,0.11275921423424165,0.3804494920066205,172.4016567105825,158.0074143237495,508.0,14.0,47327.67444305798,25361.164022344517,0.7271435205856311,1.0666666666666667,0.9256705846099288,1.0,1.1695661217201316,78772.76167925922,37001.004665145796,1780.9938628430064,1505.8436780729344
55,921,5.648289551934924,203665.31449629378,0,-3.211251040084612,0.7365999999999999,0.12582890792002194,0.37998743683135067,171.72183360442082,158.6912931454882,508.0,14.0,47327.67444305798,25392.002560547542,0.7308615622237968,1.0666666666666667,0.928689987854111,1.0,1.1456009779458607,78568.87130218263,34904.300410309675,1780.9938628430064,1488.4724445763295
55,970,5.735587197450065,204259.14976916084,0,-5.055367877733813,0.7365999999999999,0.12582890792002194,0.3707117834499022,174.3758957978283,158.44378984907985,508.0,15.0,47327.67444305798,26027.340914836244,0.7257426930592441,1.0625,0.928689987854111,1.0,1.1456009779458607,79364.86916764772,37760.5251963152,1780.9938628430064,1494.7128148385425
55,978,5.677252612761764,204650.3097331397,0,-4.282699661097526,0.7365999999999999,0.11249298204781215,0.37947406793582106,172.60238157673177,157.94117651924626,508.0,14.0,47327.67444305798,25426.353957418218,0.7265300225134217,1.0666666666666667,0.9256705846099288,1.0,1.170038480339226,78832.96244071743,35063.9442843095,1780.9938628430064,1507.547749167043
55,942,5.676392649154383,204736.24749513625,0,-4.238868550103614,0.7365999999999999,0.1124542771759751,0.3803087153331706,172.57623657723505,157.98061520390158,508.0,14.0,47327.67444305798,25370.551817474996,0.7269751895377441,1.0666666666666667,0.9256705846099287,1.0,1.1701070972035874,78825.121115882,34944.0201979808,1780.9938628430064,1506.532663104717
55,926,5.502526682115964,204900.1339169476,0,-13.847070069446097,0.7365999999999999,0.14306822384586784,0.3635166497778572,195.61108177729713,164.59057986284003,594.0,15.0,40475.51955736272,33107.53767886312,0.6576609539692215,1.0625,0.9157846613433681,1.0,1.1118559417757266,57850.71922461805,55418.681364268545,1571.5356478603373,1506.3686492102322
55,1075,5.670892044966688,205857.33688169636,0,-3.452832848068507,0.7365999999999999,0.13262802048515682,0.3795264344380557,172.40900474034748,158.97141661746645,508.0,14.0,47327.67444305798,25422.845666294037,0.7327168951911935,1.0666666666666667,0.9319004488322129,1.0,1.132566077766996,78774.965476903,33605.54333555413,1780.9938628430064,1481.4721774399761
55,873,5.88219141442254,210686.13755309663,0,-7.730590652258545,0.7365999999999999,0.1255872435326874,0.37479388912923567,178.8330229902594,158.63752860295733,508.0,15.0,47327.67444305798,25743.86148988285,0.7279437374103197,1.0625,0.928689987854111,1.0,1.1460573938435863,80701.63653507952,37127.4319722423,1780.9938628430064,1489.8235909965556
55,1091,5.670433438846604,210877.0140573781,0,-6.108562986454428,0.7365999999999999,0.11350916531291963,0.3804282649976207,169.68017912528254,152.715663459682,500.0,14.0,48084.9172341469,25362.57911608618,0.7292851701016259,1.0666666666666667,0.9353237809222414,1.0,1.1682320113888576,81117.14183288263,28199.21690078706,1803.7543409380582,1636.1387333858659
55,576,5.8352486643762544,211137.48512619938,0,-5.880237809798805,0.7365999999999999,0.1445296201621532,0.3804494920066205,177.40584843798797,159.99771640308487,508.0,15.0,47327.67444305798,25361.164022344517,0.7369596355585566,1.0625,0.9353237809222416,1.0,1.1088931822954942,80273.60289665312,34820.87620844171,1780.9938628430064,1456.3780172004424
55,925,5.661996370780138,211675.9336073274,0,-4.7695487886967864,0.7365999999999999,0.12573993188160368,0.3827949961146896,169.42771108447943,154.3485538148862,500.0,14.0,48084.9172341469,25205.768275264272,0.7342581766740293,1.0666666666666667,0.9228234636957594,1.0,1.1457690773201459,81038.01878575562,27068.70626290764,1803.7543409380582,1588.0576517914365
55,907,5.628633739346433,211815.67459723118,0,-17.665399034308592,0.7365999999999999,0.14306822384586784,0.3635166497778572,200.0941019078088,163.12187746753588,594.0,15.0,42976.04310676186,33107.53767886312,0.6576609539692215,1.0625,0.9157846613433681,1.0,1.1118559417757266,76961.14132515382,55418.681364268545,1648.7371824045333,1506.3686492102322
55,857,5.88219141442254,212093.56575377,0,-7.570634977336557,0.7365999999999999,0.13109361714398188,0.3752269779463185,178.8330229902594,158.86294238836194,508.0,15.0,47327.67444305798,25714.147798770286,0.7298948197519327,1.0625,0.9319004488322129,1.0,1.1355399679971043,80701.63653507952,35720.003771568925,1780.9938628430064,1484.1751151144654
55,983,5.670892044966688,212638.81203873514,0,-17.62387552293453,0.7365999999999999,0.1254215904754301,0.3827949961146896,201.59635593654804,164.40220558747808,594.0,14.0,40475.51955736272,31440.173726326964,0.6633780130955913,1.0666666666666667,0.90815460723768,1.0,1.1463699732570598,59015.09575527512,50600.69814253776,1571.5356478603373,1511.2283975828866
55,835,5.88219141442254,213101.15444311182,0,-7.312014663064506,0.7365999999999999,0.1314275786226567,0.38174787962668166,178.8330229902594,159.22875529101458,508.0,15.0,47327.67444305798,25274.906512730704,0.7335389308598479,1.0625,0.9319004488322129,1.0,1.1348942774055133,80701.63653507952,34712.415082227104,1780.9938628430064,1475.0990799224287
55,800,5.648289551934924,213583.05310950993,0,-3.959046459368013,0.7365999999999999,0.14386818347522878,0.3804494920066205,169.0175527602567,155.12025687861095,500.0,14.0,48084.9172341469,25361.164022344517,0.7386433982959267,1.0666666666666667,0.9302700510249621,1.0,1.1102360278970012,80909.4758766659,24622.885527412684,1803.7543409380582,1566.3044353579025
55,813,5.648365111237419,213586.53206770847,0,-3.9601112813193566,0.7365999999999999,0.14387528226312557,0.3804494920066205,169.01981377189193,155.12081603469278,500.0,14.0,48084.9172341469,25361.164022344517,0.7386456445247922,1.0666666666666667,0.9302700510249621,1.0,1.1102216324665442,80910.18447380004,24622.376177983497,1803.7543409380582,1566.2888895995723
56,1022,5.670892044966688,201558.77816959028,0,-3.8559147906193,0.7365999999999999,0.12541636381774443,0.3701053774802628,172.40900474034748,158.38276227063125,508.0,15.0,47327.67444305798,26069.985890740274,0.7252730151736587,1.0625,0.928689987854111,1.0,1.14637983201593,78774.965476903,37904.102047660184,1780.9938628430064,1496.25957027385
56,701,5.670428237677538,202444.32874132306,0,-4.105294081248509,0.7365999999999999,0.11276557741514995,0.3804494920066205,172.39490386301114,158.00782658138672,508.0,14.0,47327.67444305798,25361.164022344517,0.7271454290896975,1.0666666666666667,0.9256705846099288,1.0,1.1695548239072064,78770.73638676005,37000.22150844815,1780.9938628430064,1505.8330841636796
56,976,5.670428237677538,202444.32874132306,0,-4.105294081248509,0.7365999999999999,0.11276557741514995,0.3804494920066205,172.39490386301114,158.00782658138672,508.0,14.0,47327.67444305798,25361.164022344517,0.7271454290896975,1.0666666666666667,0.9256705846099288,1.0,1.1695548239072064,78770.73638676005,37000.22150844815,1780.9938628430064,1505.8330841636796
56,1031,5.67065035292976,202452.3237246959,0,-4.109852501819891,0.7365999999999999,0.11275921423424165,0.3804494920066205,172.4016567105825,158.0074143237495,508.0,14.0,47327.67444305798,25361.164022344517,0.7271435205856311,1.0666666666666667,0.9256705846099288,1.0,1.1695661217201316,78772.76167925922,37001.004665145796,1780.9938628430064,1505.8436780729344
56,1104,5.670610382122453,202534.2116461497,0,-4.077257548143457,0.7365999999999999,0.11350916531291963,0.3803966154298061,172.400441500162,158.0535167232909,508.0,14.0,47327.67444305798,25364.689320633555,0.7273397520411817,1.0666666666666667,0.9256705846099288,1.0,1.1682320113888576,78772.39721722693,36917.53707123923,1780.9938628430064,1504.6598937634205
56,921,5.648289551934924,203665.31449629378,0,-3.211251040084612,0.7365999999999999,0.12582890792002194,0.37998743683135067,171.72183360442082,158.6912931454882,508.0,14.0,47327.67444305798,25392.002560547542,0.7308615622237968,1.0666666666666667,0.928689987854111,1.0,1.1456009779458607,78568.87130218263,34904.300410309675,1780.9938628430064,1488.4724445763295
56,970,5.735587197450065,204259.14976916084,0,-5.055367877733813,0.7365999999999999,0.12582890792002194,0.3707117834499022,174.3758957978283,158.44378984907985,508.0,15.0,47327.67444305798,26027.340914836244,0.7257426930592441,1.0625,0.928689987854111,1.0,1.1456009779458607,79364.86916764772,37760.5251963152,1780.9938628430064,1494.7128148385425
56,978,5.677252612761764,204650.3097331397,0,-4.282699661097526,0.7365999999999999,0.11249298204781215,0.37947406793582106,172.60238157673177,157.94117651924626,508.0,14.0,47327.67444305798,25426.353957418218,0.7265300225134217,1.0666666666666667,0.9256705846099288,1.0,1.170038480339226,78832.96244071743,35063.9442843095,1780.9938628430064,1507.547749167043
56,942,5.676392649154383,204736.24749513625,0,-4.238868550103614,0.7365999999999999,0.1124542771759751,0.3803087153331706,172.57623657723505,157.98061520390158,508.0,14.0,47327.67444305798,25370.551817474996,0.7269751895377441,1.0666666666666667,0.9256705846099287,1.0,1.1701070972035874,78825.121115882,34944.0201979808,1780.9938628430064,1506.532663104717
56,926,5.502526682115964,204900.1339169476,0,-13.847070069446097,0.7365999999999999,0.14306822384586784,0.3635166497778572,195.61108177729713,164.59057986284003,594.0,15.0,40475.51955736272,33107.53767886312,0.6576609539692215,1.0625,0.9157846613433681,1.0,1.1118559417757266,57850.71922461805,55418.681364268545,1571.5356478603373,1506.3686492102322
56,1075,5.670892044966688,205857.33688169636,0,-3.452832848068507,0.7365999999999999,0.13262802048515682,0.3795264344380557,172.40900474034748,158.97141661746645,508.0,14.0,47327.67444305798,25422.845666294037,0.7327168951911935,1.0666666666666667,0.9319004488322129,1.0,1.132566077766996,78774.965476903,33605.54333555413,1780.9938628430064,1481.4721774399761
56,1109,5.735587197450065,205880.05377525365,0,-4.687394727853013,0.7365999999999999,0.12582890792002194,0.3809838584014335,174.3758957978283,158.97532823208616,508.0,15.0,47327.67444305798,25325.59255786373,0.7314004303889559,1.0625,0.928689987854111,1.0,1.1456009779458607,79364.86916764772,36139.62119022238,1780.9938628430064,1481.374892558538
56,873,5.88219141442254,210686.13755309663,0,-7.730590652258545,0.7365999999999999,0.1255872435326874,0.37479388912923567,178.8330229902594,158.63752860295733,508.0,15.0,47327.67444305798,25743.86148988285,0.7279437374103197,1.0625,0.928689987854111,1.0,1.1460573938435863,80701.63653507952,37127.4319722423,1780.9938628430064,1489.8235909965556
56,1091,5.670433438846604,210877.0140573781,0,-6.108562986454428,0.7365999999999999,0.11350916531291963,0.3804282649976207,169.68017912528254,152.715663459682,500.0,14.0,48084.9172341469,25362.57911608618,0.7292851701016259,1.0666666666666667,0.9353237809222414,1.0,1.1682320113888576,81117.14183288263,28199.21690078706,1803.7543409380582,1636.1387333858659
56,576,5.8352486643762544,211137.48512619938,0,-5.880237809798805,0.7365999999999999,0.1445296201621532,0.3804494920066205,177.40584843798797,159.99771640308487,508.0,15.0,47327.67444305798,25361.164022344517,0.7369596355585566,1.0625,0.9353237809222416,1.0,1.1088931822954942,80273.60289665312,34820.87620844171,1780.9938628430064,1456.3780172004424
56,925,5.661996370780138,211675.9336073274,0,-4.7695487886967864,0.7365999999999999,0.12573993188160368,0.3827949961146896,169.42771108447943,154.3485538148862,500.0,14.0,48084.9172341469,25205.768275264272,0.7342581766740293,1.0666666666666667,0.9228234636957594,1.0,1.1457690773201459,81038.01878575562,27068.70626290764,1803.7543409380582,1588.0576517914365
56,907,5.628633739346433,211815.67459723118,0,-17.665399034308592,0.7365999999999999,0.14306822384586784,0.3635166497778572,200.0941019078088,163.12187746753588,594.0,15.0,42976.04310676186,33107.53767886312,0.6576609539692215,1.0625,0.9157846613433681,1.0,1.1118559417757266,76961.14132515382,55418.681364268545,1648.7371824045333,1506.3686492102322
56,857,5.88219141442254,212093.56575377,0,-7.570634977336557,0.7365999999999999,0.13109361714398188,0.3752269779463185,178.8330229902594,158.86294238836194,508.0,15.0,47327.67444305798,25714.147798770286,0.7298948197519327,1.0625,0.9319004488322129,1.0,1.1355399679971043,80701.63653507952,35720.003771568925,1780.9938628430064,1484.1751151144654
56,983,5.670892044966688,212638.81203873514,0,-17.62387552293453,0.7365999999999999,0.1254215904754301,0.3827949961146896,201.59635593654804,164.40220558747808,594.0,14.0,40475.51955736272,31440.173726326964,0.6633780130955913,1.0666666666666667,0.90815460723768,1.0,1.1463699732570598,59015.09575527512,50600.69814253776,1571.5356478603373,1511.2283975828866
56,835,5.88219141442254,213101.15444311182,0,-7.312014663064506,0.7365999999999999,0.1314275786226567,0.38174787962668166,178.8330229902594,159.22875529101458,508.0,15.0,47327.67444305798,25274.906512730704,0.7335389308598479,1.0625,0.9319004488322129,1.0,1.1348942774055133,80701.63653507952,34712.415082227104,1780.9938628430064,1475.0990799224287
57,1022,5.670892044966688,201558.77816959028,0,-3.8559147906193,0.7365999999999999,0.12541636381774443,0.3701053774802628,172.40900474034748,158.38276227063125,508.0,15.0,47327.67444305798,26069.985890740274,0.7252730151736587,1.0625,0.928689987854111,1.0,1.14637983201593,78774.965476903,37904.102047660184,1780.9938628430064,1496.25957027385
57,1132,5.670892044966688,201558.77816959028,0,-3.8559147906193,0.7365999999999999,0.12541636381774443,0.3701053774802628,172.40900474034748,158.38276227063125,508.0,15.0,47327.67444305798,26069.985890740274,0.7252730151736587,1.0625,0.928689987854111,1.0,1.14637983201593,78774.965476903,37904.102047660184,1780.9938628430064,1496.25957027385
57,1121,5.670424153626976,202436.4853108539,0,-4.1068692296925065,0.7365999999999999,0.11276964408500098,0.3803966154298061,172.39477969787325,158.0054316607203,508.0,14.0,47327.67444305798,25364.689320633555,0.7271177767453962,1.0666666666666667,0.9256705846099288,1.0,1.1695476033481187,78770.69914754803,37007.903534567406,1780.9938628430064,1505.8946292471005
57,701,5.670428237677538,202444.32874132306,0,-4.105294081248509,0.7365999999999999,0.11276557741514995,0.3804494920066205,172.39490386301114,158.00782658138672,508.0,14.0,47327.67444305798,25361.164022344517,0.7271454290896975,1.0666666666666667,0.9256705846099288,1.0,1.1695548239072064,78770.73638676005,37000.22150844815,1780.9938628430064,1505.8330841636796
57,976,5.670428237677538,202444.32874132306,0,-4.105294081248509,0.7365999999999999,0.11276557741514995,0.3804494920066205,172.39490386301114,158.00782658138672,508.0,14.0,47327.67444305798,25361.164022344517,0.7271454290896975,1.0666666666666667,0.9256705846099288,1.0,1.1695548239072064,78770.73638676005,37000.22150844815,1780.9938628430064,1505.8330841636796
57,1031,5.67065035292976,202452.3237246959,0,-4.109852501819891,0.7365999999999999,0.11275921423424165,0.3804494920066205,172.4016567105825,158.0074143237495,508.0,14.0,47327.67444305798,25361.164022344517,0.7271435205856311,1.0666666666666667,0.9256705846099288,1.0,1.1695661217201316,78772.76167925922,37001.004665145796,1780.9938628430064,1505.8436780729344
57,1130,5.67065035292976,202452.3237246959,0,-4.109852501819891,0.7365999999999999,0.11275921423424165,0.3804494920066205,172.4016567105825,158.0074143237495,508.0,14.0,47327.67444305798,25361.164022344517,0.7271435205856311,1.0666666666666667,0.9256705846099288,1.0,1.1695661217201316,78772.76167925922,37001.004665145796,1780.9938628430064,1505.8436780729344
57,1104,5.670610382122453,202534.2116461497,0,-4.077257548143457,0.7365999999999999,0.11350916531291963,0.3803966154298061,172.400441500162,158.0535167232909,508.0,14.0,47327.67444305798,25364.689320633555,0.7273397520411817,1.0666666666666667,0.9256705846099288,1.0,1.1682320113888576,78772.39721722693,36917.53707123923,1780.9938628430064,1504.6598937634205
57,921,5.648289551934924,203665.31449629378,0,-3.211251040084612,0.7365999999999999,0.12582890792002194,0.37998743683135067,171.72183360442082,158.6912931454882,508.0,14.0,47327.67444305798,25392.002560547542,0.7308615622237968,1.0666666666666667,0.928689987854111,1.0,1.1456009779458607,78568.87130218263,34904.300410309675,1780.9938628430064,1488.4724445763295
57,1134,5.735587197450065,204201.7844802962,0,-5.082205378099996,0.7365999999999999,0.12529158828529802,0.3707117834499022,174.3758957978283,158.40516203222708,508.0,15.0,47327.67444305798,26027.340914836244,0.7255755540007797,1.0625,0.928689987854111,1.0,1.1466151221259864,79364.86916764772,37817.89048517983,1780.9938628430064,1495.6914723935056
57,970,5.735587197450065,204259.14976916084,0,-5.055367877733813,0.7365999999999999,0.12582890792002194,0.3707117834499022,174.3758957978283,158.44378984907985,508.0,15.0,47327.67444305798,26027.340914836244,0.7257426930592441,1.0625,0.928689987854111,1.0,1.1456009779458607,79364.86916764772,37760.5251963152,1780.9938628430064,1494.7128148385425
57,1125,5.67065035292976,204369.63716534135,0,-4.1603035801735935,0.7365999999999999,0.11248818879885694,0.3793451064052838,172.4016567105825,157.9343873700029,508.0,14.0,47327.67444305798,25434.99785835951,0.7264578754439079,1.0666666666666667,0.9256705846099288,1.0,1.1700469786723275,78772.76167925922,35083.69122450033,1780.9938628430064,1507.7226285850477
57,978,5.677252612761764,204650.3097331397,0,-4.282699661097526,0.7365999999999999,0.11249298204781215,0.37947406793582106,172.60238157673177,157.94117651924626,508.0,14.0,47327.67444305798,25426.353957418218,0.7265300225134217,1.0666666666666667,0.9256705846099288,1.0,1.170038480339226,78832.96244071743,35063.9442843095,1780.9938628430064,1507.547749167043
57,942,5.676392649154383,204736.24749513625,0,-4.238868550103614,0.7365999999999999,0.1124542771759751,0.3803087153331706,172.57623657723505,157.98061520390158,508.0,14.0,47327.67444305798,25370.551817474996,0.7269751895377441,1.0666666666666667,0.9256705846099287,1.0,1.1701070972035874,78825.121115882,34944.0201979808,1780.9938628430064,1506.532663104717
57,926,5.502526682115964,204900.1339169476,0,-13.847070069446097,0.7365999999999999,0.14306822384586784,0.3635166497778572,195.61108177729713,164.59057986284003,594.0,15.0,40475.51955736272,33107.53767886312,0.6576609539692215,1.0625,0.9157846613433681,1.0,1.1118559417757266,57850.71922461805,55418.681364268545,1571.5356478603373,1506.3686492102322
57,1075,5.670892044966688,205857.33688169636,0,-3.452832848068507,0.7365999999999999,0.13262802048515682,0.3795264344380557,172.40900474034748,158.97141661746645,508.0,14.0,47327.67444305798,25422.845666294037,0.7327168951911935,1.0666666666666667,0.9319004488322129,1.0,1.132566077766996,78774.965476903,33605.54333555413,1780.9938628430064,1481.4721774399761
57,1109,5.735587197450065,205880.05377525365,0,-4.687394727853013,0.7365999999999999,0.12582890792002194,0.3809838584014335,174.3758957978283,158.97532823208616,508.0,15.0,47327.67444305798,25325.59255786373,0.7314004303889559,1.0625,0.928689987854111,1.0,1.1456009779458607,79364.86916764772,36139.62119022238,1780.9938628430064,1481.374892558538
57,873,5.88219141442254,210686.13755309663,0,-7.730590652258545,0.7365999999999999,0.1255872435326874,0.37479388912923567,178.8330229902594,158.63752860295733,508.0,15.0,47327.67444305798,25743.86148988285,0.7279437374103197,1.0625,0.928689987854111,1.0,1.1460573938435863,80701.63653507952,37127.4319722423,1780.9938628430064,1489.8235909965556
57,1091,5.670433438846604,210877.0140573781,0,-6.108562986454428,0.7365999999999999,0.11350916531291963,0.3804282649976207,169.68017912528254,152.715663459682,500.0,14.0,48084.9172341469,25362.57911608618,0.7292851701016259,1.0666666666666667,0.9353237809222414,1.0,1.1682320113888576,81117.14183288263,28199.21690078706,1803.7543409380582,1636.1387333858659
57,576,5.8352486643762544,211137.48512619938,0,-5.880237809798805,0.7365999999999999,0.1445296201621532,0.3804494920066205,177.40584843798797,159.99771640308487,508.0,15.0,47327.67444305798,25361.164022344517,0.7369596355585566,1.0625,0.9353237809222416,1.0,1.1088931822954942,80273.60289665312,34820.87620844171,1780.9938628430064,1456.3780172004424
58,1144,5.670892044966688,186940.9950729807,0,-5.528226610687428,0.7365999999999999,0.12585087522807667,0.3159584343727482,172.40900474034748,155.98640277439912,508.0,17.0,47327.67444305798,30537.693947472482,0.6912419786363221,1.0555555555555556,0.928689987854111,1.0,1.14555946581135,78774.965476903,52521.88514426979,1780.9938628430064,1559.6337498665803
58,1022,5.670892044966688,201558.77816959028,0,-3.8559147906193,0.7365999999999999,0.12541636381774443,0.3701053774802628,172.40900474034748,158.38276227063125,508.0,15.0,47327.67444305798,26069.985890740274,0.7252730151736587,1.0625,0.928689987854111,1.0,1.14637983201593,78774.965476903,37904.102047660184,1780.9938628430064,1496.25957027385
58,1132,5.670892044966688,201558.77816959028,0,-3.8559147906193,0.7365999999999999,0.12541636381774443,0.3701053774802628,172.40900474034748,158.38276227063125,508.0,15.0,47327.67444305798,26069.985890740274,0.7252730151736587,1.0625,0.928689987854111,1.0,1.14637983201593,78774.965476903,37904.102047660184,1780.9938628430064,1496.25957027385
58,1121,5.670424153626976,202436.4853108539,0,-4.1068692296925065,0.7365999999999999,0.11276964408500098,0.3803966154298061,172.39477969787325,158.0054316607203,508.0,14.0,47327.67444305798,25364.689320633555,0.7271177767453962,1.0666666666666667,0.9256705846099288,1.0,1.1695476033481187,78770.69914754803,37007.903534567406,1780.9938628430064,1505.8946292471005
58,701,5.670428237677538,202444.32874132306,0,-4.105294081248509,0.7365999999999999,0.11276557741514995,0.3804494920066205,172.39490386301114,158.00782658138672,508.0,14.0,47327.67444305798,25361.164022344517,0.7271454290896975,1.0666666666666667,0.9256705846099288,1.0,1.1695548239072064,78770.73638676005,37000.22150844815,1780.9938628430064,1505.8330841636796
58,976,5.670428237677538,202444.32874132306,0,-4.105294081248509,0.7365999999999999,0.11276557741514995,0.3804494920066205,172.39490386301114,158.00782658138672,508.0,14.0,47327.67444305798,25361.164022344517,0.7271454290896975,1.0666666666666667,0.9256705846099288,1.0,1.1695548239072064,78770.73638676005,37000.22150844815,1780.9938628430064,1505.8330841636796
58,1031,5.67065035292976,202452.3237246959,0,-4.109852501819891,0.7365999999999999,0.11275921423424165,0.3804494920066205,172.4016567105825,158.0074143237495,508.0,14.0,47327.67444305798,25361.164022344517,0.7271435205856311,1.0666666666666667,0.9256705846099288,1.0,1.1695661217201316,78772.76167925922,37001.004665145796,1780.9938628430064,1505.8436780729344
58,1130,5.67065035292976,202452.3237246959,0,-4.109852501819891,0.7365999999999999,0.11275921423424165,0.3804494920066205,172.4016567105825,158.0074143237495,508.0,14.0,47327.67444305798,25361.164022344517,0.7271435205856311,1.0666666666666667,0.9256705846099288,1.0,1.1695661217201316,78772.76167925922,37001.004665145796,1780.9938628430064,1505.8436780729344
58,1104,5.670610382122453,202534.2116461497,0,-4.077257548143457,0.7365999999999999,0.11350916531291963,0.3803966154298061,172.400441500162,158.0535167232909,508.0,14.0,47327.67444305798,25364.689320633555,0.7273397520411817,1.0666666666666667,0.9256705846099288,1.0,1.1682320113888576,78772.39721722693,36917.53707123923,1780.9938628430064,1504.6598937634205
58,921,5.648289551934924,203665.31449629378,0,-3.211251040084612,0.7365999999999999,0.12582890792002194,0.37998743683135067,171.72183360442082,158.6912931454882,508.0,14.0,47327.67444305798,25392.002560547542,0.7308615622237968,1.0666666666666667,0.928689987854111,1.0,1.1456009779458607,78568.87130218263,34904.300410309675,1780.9938628430064,1488.4724445763295
58,1134,5.735587197450065,204201.7844802962,0,-5.082205378099996,0.7365999999999999,0.12529158828529802,0.3707117834499022,174.3758957978283,158.40516203222708,508.0,15.0,47327.67444305798,26027.340914836244,0.7255755540007797,1.0625,0.928689987854111,1.0,1.1466151221259864,79364.86916764772,37817.89048517983,1780.9938628430064,1495.6914723935056
58,970,5.735587197450065,204259.14976916084,0,-5.055367877733813,0.7365999999999999,0.12582890792002194,0.3707117834499022,174.3758957978283,158.44378984907985,508.0,15.0,47327.67444305798,26027.340914836244,0.7257426930592441,1.0625,0.928689987854111,1.0,1.1456009779458607,79364.86916764772,37760.5251963152,1780.9938628430064,1494.7128148385425
58,1157,5.67065035292976,204363.52171715623,0,-4.161867544820392,0.7365999999999999,0.11248103240067173,0.37930925954536593,172.4016567105825,157.9321246403161,508.0,14.0,47327.67444305798,25437.40160881457,0.7264360662258145,1.0666666666666667,0.9256705846099287,1.0,1.1700596664244411,78772.76167925922,35089.80667268549,1780.9938628430064,1507.7809224949988
58,1125,5.67065035292976,204369.63716534135,0,-4.1603035801735935,0.7365999999999999,0.11248818879885694,0.3793451064052838,172.4016567105825,157.9343873700029,508.0,14.0,47327.67444305798,25434.99785835951,0.7264578754439079,1.0666666666666667,0.9256705846099288,1.0,1.1700469786723275,78772.76167925922,35083.69122450033,1780.9938628430064,1507.7226285850477
58,978,5.677252612761764,204650.3097331397,0,-4.282699661097526,0.7365999999999999,0.11249298204781215,0.37947406793582106,172.60238157673177,157.94117651924626,508.0,14.0,47327.67444305798,25426.353957418218,0.7265300225134217,1.0666666666666667,0.9256705846099288,1.0,1.170038480339226,78832.96244071743,35063.9442843095,1780.9938628430064,1507.547749167043
58,942,5.676392649154383,204736.24749513625,0,-4.238868550103614,0.7365999999999999,0.1124542771759751,0.3803087153331706,172.57623657723505,157.98061520390158,508.0,14.0,47327.67444305798,25370.551817474996,0.7269751895377441,1.0666666666666667,0.9256705846099287,1.0,1.1701070972035874,78825.121115882,34944.0201979808,1780.9938628430064,1506.532663104717
58,926,5.502526682115964,204900.1339169476,0,-13.847070069446097,0.7365999999999999,0.14306822384586784,0.3635166497778572,195.61108177729713,164.59057986284003,594.0,15.0,40475.51955736272,33107.53767886312,0.6576609539692215,1.0625,0.9157846613433681,1.0,1.1118559417757266,57850.71922461805,55418.681364268545,1571.5356478603373,1506.3686492102322
58,1075,5.670892044966688,205857.33688169636,0,-3.452832848068507,0.7365999999999999,0.13262802048515682,0.3795264344380557,172.40900474034748,158.97141661746645,508.0,14.0,47327.67444305798,25422.845666294037,0.7327168951911935,1.0666666666666667,0.9319004488322129,1.0,1.132566077766996,78774.965476903,33605.54333555413,1780.9938628430064,1481.4721774399761
58,1109,5.735587197450065,205880.05377525365,0,-4.687394727853013,0.7365999999999999,0.12582890792002194,0.3809838584014335,174.3758957978283,158.97532823208616,508.0,15.0,47327.67444305798,25325.59255786373,0.7314004303889559,1.0625,0.928689987854111,1.0,1.1456009779458607,79364.86916764772,36139.62119022238,1780.9938628430064,1481.374892558538
58,873,5.88219141442254,210686.13755309663,0,-7.730590652258545,0.7365999999999999,0.1255872435326874,0.37479388912923567,178.8330229902594,158.63752860295733,508.0,15.0,47327.67444305798,25743.86148988285,0.7279437374103197,1.0625,0.928689987854111,1.0,1.1460573938435863,80701.63653507952,37127.4319722423,1780.9938628430064,1489.8235909965556
59,1144,5.670892044966688,186940.9950729807,0,-5.528226610687428,0.7365999999999999,0.12585087522807667,0.3159584343727482,172.40900474034748,155.98640277439912,508.0,17.0,47327.67444305798,30537.693947472482,0.6912419786363221,1.0555555555555556,0.928689987854111,1.0,1.14555946581135,78774.965476903,52521.88514426979,1780.9938628430064,1559.6337498665803
59,1175,5.670892044966688,200700.62818808272,0,-4.229771794560696,0.7365999999999999,0.11713759503642024,0.37069659817132594,172.40900474034748,157.84067100736442,508.0,15.0,47327.67444305798,26028.407103261874,0.7230511316010683,1.0625,0.928689987854111,1.0,1.1617049207507089,78774.965476903,38762.252029167765,1780.9938628430064,1510.1407891209544
59,1176,5.670892044966688,201448.65849399872,0,-3.8687156640649043,0.7365999999999999,0.12583103776659207,0.3691697308686173,172.40900474034748,158.36413949471785,508.0,15.0,47327.67444305798,26136.059276299056,0.7248739964422487,1.0625,0.928689987854111,1.0,1.1455969532993582,78774.965476903,38014.221723251765,1780.9938628430064,1496.732205705944
59,1022,5.670892044966688,201558.77816959028,0,-3.8559147906193,0.7365999999999999,0.12541636381774443,0.3701053774802628,172.40900474034748,158.38276227063125,508.0,15.0,47327.67444305798,26069.985890740274,0.7252730151736587,1.0625,0.928689987854111,1.0,1.14637983201593,78774.965476903,37904.102047660184,1780.9938628430064,1496.25957027385
59,1132,5.670892044966688,201558.77816959028,0,-3.8559147906193,0.7365999999999999,0.12541636381774443,0.3701053774802628,172.40900474034748,158.38276227063125,508.0,15.0,47327.67444305798,26069.985890740274,0.7252730151736587,1.0625,0.928689987854111,1.0,1.14637983201593,78774.965476903,37904.102047660184,1780.9938628430064,1496.25957027385
59,1173,5.558992356637213,202394.65124405327,0,-1.4314725343755121,0.7365999999999999,0.11370146393433882,0.4001208099019033,169.00698020123403,158.7941763623046,508.0,13.0,47327.67444305798,24114.321800365968,0.7377637623320183,1.0714285714285714,0.9256705846099288,1.0,1.1678890916856444,77754.6411310302,32645.880088210964,1780.9938628430064,1485.8937263080263
59,1121,5.670424153626976,202436.4853108539,0,-4.1068692296925065,0.7365999999999999,0.11276964408500098,0.3803966154298061,172.39477969787325,158.0054316607203,508.0,14.0,47327.67444305798,25364.689320633555,0.7271177767453962,1.0666666666666667,0.9256705846099288,1.0,1.1695476033481187,78770.69914754803,37007.903534567406,1780.9938628430064,1505.8946292471005
59,701,5.670428237677538,202444.32874132306,0,-4.105294081248509,0.7365999999999999,0.11276557741514995,0.3804494920066205,172.39490386301114,158.00782658138672,508.0,14.0,47327.67444305798,25361.164022344517,0.7271454290896975,1.0666666666666667,0.9256705846099288,1.0,1.1695548239072064,78770.73638676005,37000.22150844815,1780.9938628430064,1505.8330841636796
59,976,5.670428237677538,202444.32874132306,0,-4.105294081248509,0.7365999999999999,0.11276557741514995,0.3804494920066205,172.39490386301114,158.00782658138672,508.0,14.0,47327.67444305798,25361.164022344517,0.7271454290896975,1.0666666666666667,0.9256705846099288,1.0,1.1695548239072064,78770.73638676005,37000.22150844815,1780.9938628430064,1505.8330841636796
59,1031,5.67065035292976,202452.3237246959,0,-4.109852501819891,0.7365999999999999,0.11275921423424165,0.3804494920066205,172.4016567105825,158.0074143237495,508.0,14.0,47327.67444305798,25361.164022344517,0.7271435205856311,1.0666666666666667,0.9256705846099288,1.0,1.1695661217201316,78772.76167925922,37001.004665145796,1780.9938628430064,1505.8436780729344
59,1130,5.67065035292976,202452.3237246959,0,-4.109852501819891,0.7365999999999999,0.11275921423424165,0.3804494920066205,172.4016567105825,158.0074143237495,508.0,14.0,47327.67444305798,25361.164022344517,0.7271435205856311,1.0666666666666667,0.9256705846099288,1.0,1.1695661217201316,78772.76167925922,37001.004665145796,1780.9938628430064,1505.8436780729344
59,1104,5.670610382122453,202534.2116461497,0,-4.077257548143457,0.7365999999999999,0.11350916531291963,0.3803966154298061,172.400441500162,158.0535167232909,508.0,14.0,47327.67444305798,25364.689320633555,0.7273397520411817,1.0666666666666667,0.9256705846099288,1.0,1.1682320113888576,78772.39721722693,36917.53707123923,1780.9938628430064,1504.6598937634205
59,921,5.648289551934924,203665.31449629378,0,-3.211251040084612,0.7365999999999999,0.12582890792002194,0.37998743683135067,171.72183360442082,158.6912931454882,508.0,14.0,47327.67444305798,25392.002560547542,0.7308615622237968,1.0666666666666667,0.928689987854111,1.0,1.1456009779458607,78568.87130218263,34904.300410309675,1780.9938628430064,1488.4724445763295
59,1177,5.733959386793531,204201.47015422743,0,-5.0209979430829925,0.7365999999999999,0.12589154774811945,0.3707117834499022,174.32640636777506,158.44830498443497,508.0,15.0,47327.67444305798,26027.340914836244,0.7257621887963563,1.0625,0.928689987854111,1.0,1.1454825954959789,79350.02645567838,37753.87266922601,1780.9938628430064,1494.5985049267629
59,1134,5.735587197450065,204201.7844802962,0,-5.082205378099996,0.7365999999999999,0.12529158828529802,0.3707117834499022,174.3758957978283,158.40516203222708,508.0,15.0,47327.67444305798,26027.340914836244,0.7255755540007797,1.0625,0.928689987854111,1.0,1.1466151221259864,79364.86916764772,37817.89048517983,1780.9938628430064,1495.6914723935056
59,970,5.735587197450065,204259.14976916084,0,-5.055367877733813,0.7365999999999999,0.12582890792002194,0.3707117834499022,174.3758957978283,158.44378984907985,508.0,15.0,47327.67444305798,26027.340914836244,0.7257426930592441,1.0625,0.928689987854111,1.0,1.1456009779458607,79364.86916764772,37760.5251963152,1780.9938628430064,1494.7128148385425
59,1157,5.67065035292976,204363.52171715623,0,-4.161867544820392,0.7365999999999999,0.11248103240067173,0.37930925954536593,172.4016567105825,157.9321246403161,508.0,14.0,47327.67444305798,25437.40160881457,0.7264360662258145,1.0666666666666667,0.9256705846099287,1.0,1.1700596664244411,78772.76167925922,35089.80667268549,1780.9938628430064,1507.7809224949988
59,1125,5.67065035292976,204369.63716534135,0,-4.1603035801735935,0.7365999999999999,0.11248818879885694,0.3793451064052838,172.4016567105825,157.9343873700029,508.0,14.0,47327.67444305798,25434.99785835951,0.7264578754439079,1.0666666666666667,0.9256705846099288,1.0,1.1700469786723275,78772.76167925922,35083.69122450033,1780.9938628430064,1507.7226285850477
59,978,5.677252612761764,204650.3097331397,0,-4.282699661097526,0.7365999999999999,0.11249298204781215,0.37947406793582106,172.60238157673177,157.94117651924626,508.0,14.0,47327.67444305798,25426.353957418218,0.7265300225134217,1.0666666666666667,0.9256705846099288,1.0,1.170038480339226,78832.96244071743,35063.9442843095,1780.9938628430064,1507.547749167043
59,942,5.676392649154383,204736.24749513625,0,-4.238868550103614,0.7365999999999999,0.1124542771759751,0.3803087153331706,172.57623657723505,157.98061520390158,508.0,14.0,47327.67444305798,25370.551817474996,0.7269751895377441,1.0666666666666667,0.9256705846099287,1.0,1.1701070972035874,78825.121115882,34944.0201979808,1780.9938628430064,1506.532663104717
60,1144,5.670892044966688,186940.9950729807,0,-5.528226610687428,0.7365999999999999,0.12585087522807667,0.3159584343727482,172.40900474034748,155.98640277439912,508.0,17.0,47327.67444305798,30537.693947472482,0.6912419786363221,1.0555555555555556,0.928689987854111,1.0,1.14555946581135,78774.965476903,52521.88514426979,1780.9938628430064,1559.6337498665803
60,1198,5.670892044966688,200282.5638616708,0,-4.342328958009679,0.7365999999999999,0.11585016310239386,0.3691697308686173,172.40900474034748,157.67818957519833,508.0,15.0,47327.67444305798,26136.059276299056,0.721790546230173,1.0625,0.928689987854111,1.0,1.164034451725748,78774.965476903,39180.31635557968,1780.9938628430064,1514.3517261544291
60,1175,5.670892044966688,200700.62818808272,0,-4.229771794560696,0.7365999999999999,0.11713759503642024,0.37069659817132594,172.40900474034748,157.84067100736442,508.0,15.0,47327.67444305798,26028.407103261874,0.7230511316010683,1.0625,0.928689987854111,1.0,1.1617049207507089,78774.965476903,38762.252029167765,1780.9938628430064,1510.1407891209544
60,1176,5.670892044966688,201448.65849399872,0,-3.8687156640649043,0.7365999999999999,0.12583103776659207,0.3691697308686173,172.40900474034748,158.36413949471785,508.0,15.0,47327.67444305798,26136.059276299056,0.7248739964422487,1.0625,0.928689987854111,1.0,1.1455969532993582,78774.965476903,38014.221723251765,1780.9938628430064,1496.732205705944
60,1022,5.670892044966688,201558.77816959028,0,-3.8559147906193,0.7365999999999999,0.12541636381774443,0.3701053774802628,172.40900474034748,158.38276227063125,508.0,15.0,47327.67444305798,26069.985890740274,0.7252730151736587,1.0625,0.928689987854111,1.0,1.14637983201593,78774.965476903,37904.102047660184,1780.9938628430064,1496.25957027385
60,1132,5.670892044966688,201558.77816959028,0,-3.8559147906193,0.7365999999999999,0.12541636381774443,0.3701053774802628,172.40900474034748,158.38276227063125,508.0,15.0,47327.67444305798,26069.985890740274,0.7252730151736587,1.0625,0.928689987854111,1.0,1.14637983201593,78774.965476903,37904.102047660184,1780.9938628430064,1496.25957027385
60,1173,5.558992356637213,202394.65124405327,0,-1.4314725343755121,0.7365999999999999,0.11370146393433882,0.4001208099019033,169.00698020123403,158.7941763623046,508.0,13.0,47327.67444305798,24114.321800365968,0.7377637623320183,1.0714285714285714,0.9256705846099288,1.0,1.1678890916856444,77754.6411310302,32645.880088210964,1780.9938628430064,1485.8937263080263
60,1121,5.670424153626976,202436.4853108539,0,-4.1068692296925065,0.7365999999999999,0.11276964408500098,0.3803966154298061,172.39477969787325,158.0054316607203,508.0,14.0,47327.67444305798,25364.689320633555,0.7271177767453962,1.0666666666666667,0.9256705846099288,1.0,1.1695476033481187,78770.69914754803,37007.903534567406,1780.9938628430064,1505.8946292471005
60,701,5.670428237677538,202444.32874132306,0,-4.105294081248509,0.7365999999999999,0.11276557741514995,0.3804494920066205,172.39490386301114,158.00782658138672,508.0,14.0,47327.67444305798,25361.164022344517,0.7271454290896975,1.0666666666666667,0.9256705846099288,1.0,1.1695548239072064,78770.73638676005,37000.22150844815,1780.9938628430064,1505.8330841636796
60,976,5.670428237677538,202444.32874132306,0,-4.105294081248509,0.7365999999999999,0.11276557741514995,0.3804494920066205,172.39490386301114,158.00782658138672,508.0,14.0,47327.67444305798,25361.164022344517,0.7271454290896975,1.0666666666666667,0.9256705846099288,1.0,1.1695548239072064,78770.73638676005,37000.22150844815,1780.9938628430064,1505.8330841636796
60,1031,5.67065035292976,202452.3237246959,0,-4.109852501819891,0.7365999999999999,0.11275921423424165,0.3804494920066205,172.4016567105825,158.0074143237495,508.0,14.0,47327.67444305798,25361.164022344517,0.7271435205856311,1.0666666666666667,0.9256705846099288,1.0,1.1695661217201316,78772.76167925922,37001.004665145796,1780.9938628430064,1505.8436780729344
60,1130,5.67065035292976,202452.3237246959,0,-4.109852501819891,0.7365999999999999,0.11275921423424165,0.3804494920066205,172.4016567105825,158.0074143237495,508.0,14.0,47327.67444305798,25361.164022344517,0.7271435205856311,1.0666666666666667,0.9256705846099288,1.0,1.1695661217201316,78772.76167925922,37001.004665145796,1780.9938628430064,1505.8436780729344
60,1104,5.670610382122453,202534.2116461497,0,-4.077257548143457,0.7365999999999999,0.11350916531291963,0.3803966154298061,172.400441500162,158.0535167232909,508.0,14.0,47327.67444305798,25364.689320633555,0.7273397520411817,1.0666666666666667,0.9256705846099288,1.0,1.1682320113888576,78772.39721722693,36917.53707123923,1780.9938628430064,1504.6598937634205
60,1197,5.670892044966688,202554.42252475212,0,-3.909843859830941,0.7365999999999999,0.1270814953908635,0.37019892419484174,172.40900474034748,158.30433561381392,508.0,15.0,47327.67444305798,26063.39818513172,0.725844693196505,1.0625,0.9319004488322129,1.0,1.1432275993686982,78774.965476903,36908.45769249835,1780.9938628430064,1498.2520152101536
60,921,5.648289551934924,203665.31449629378,0,-3.211251040084612,0.7365999999999999,0.12582890792002194,0.37998743683135067,171.72183360442082,158.6912931454882,508.0,14.0,47327.67444305798,25392.002560547542,0.7308615622237968,1.0666666666666667,0.928689987854111,1.0,1.1456009779458607,78568.87130218263,34904.300410309675,1780.9938628430064,1488.4724445763295
60,1177,5.733959386793531,204201.47015422743,0,-5.0209979430829925,0.7365999999999999,0.12589154774811945,0.3707117834499022,174.32640636777506,158.44830498443497,508.0,15.0,47327.67444305798,26027.340914836244,0.7257621887963563,1.0625,0.928689987854111,1.0,1.1454825954959789,79350.02645567838,37753.87266922601,1780.9938628430064,1494.5985049267629
60,1134,5.735587197450065,204201.7844802962,0,-5.082205378099996,0.7365999999999999,0.12529158828529802,0.3707117834499022,174.3758957978283,158.40516203222708,508.0,15.0,47327.67444305798,26027.340914836244,0.7255755540007797,1.0625,0.928689987854111,1.0,1.1466151221259864,79364.86916764772,37817.89048517983,1780.9938628430064,1495.6914723935056
60,970,5.735587197450065,204259.14976916084,0,-5.055367877733813,0.7365999999999999,0.12582890792002194,0.3707117834499022,174.3758957978283,158.44378984907985,508.0,15.0,47327.67444305798,26027.340914836244,0.7257426930592441,1.0625,0.928689987854111,1.0,1.1456009779458607,79364.86916764772,37760.5251963152,1780.9938628430064,1494.7128148385425
60,1157,5.67065035292976,204363.52171715623,0,-4.161867544820392,0.7365999999999999,0.11248103240067173,0.37930925954536593,172.4016567105825,157.9321246403161,508.0,14.0,47327.67444305798,25437.40160881457,0.7264360662258145,1.0666666666666667,0.9256705846099287,1.0,1.1700596664244411,78772.76167925922,35089.80667268549,1780.9938628430064,1507.7809224949988
60,1125,5.67065035292976,204369.63716534135,0,-4.1603035801735935,0.7365999999999999,0.11248818879885694,0.3793451064052838,172.4016567105825,157.9343873700029,508.0,14.0,47327.67444305798,25434.99785835951,0.7264578754439079,1.0666666666666667,0.9256705846099288,1.0,1.1700469786723275,78772.76167925922,35083.69122450033,1780.9938628430064,1507.7226285850477
61,1144,5.670892044966688,186940.9950729807,0,-5.528226610687428,0.7365999999999999,0.12585087522807667,0.3159584343727482,172.40900474034748,155.98640277439912,508.0,17.0,47327.67444305798,30537.693947472482,0.6912419786363221,1.0555555555555556,0.928689987854111,1.0,1.14555946581135,78774.965476903,52521.88514426979,1780.9938628430064,1559.6337498665803
61,1198,5.670892044966688,200282.5638616708,0,-4.342328958009679,0.7365999999999999,0.11585016310239386,0.3691697308686173,172.40900474034748,157.67818957519833,508.0,15.0,47327.67444305798,26136.059276299056,0.721790546230173,1.0625,0.928689987854111,1.0,1.164034451725748,78774.965476903,39180.31635557968,1780.9938628430064,1514.3517261544291
61,1175,5.670892044966688,200700.62818808272,0,-4.229771794560696,0.7365999999999999,0.11713759503642024,0.37069659817132594,172.40900474034748,157.84067100736442,508.0,15.0,47327.67444305798,26028.407103261874,0.7230511316010683,1.0625,0.928689987854111,1.0,1.1617049207507089,78774.965476903,38762.252029167765,1780.9938628430064,1510.1407891209544
61,1176,5.670892044966688,201448.65849399872,0,-3.8687156640649043,0.7365999999999999,0.12583103776659207,0.3691697308686173,172.40900474034748,158.36413949471785,508.0,15.0,47327.67444305798,26136.059276299056,0.7248739964422487,1.0625,0.928689987854111,1.0,1.1455969532993582,78774.965476903,38014.221723251765,1780.9938628430064,1496.732205705944
61,1022,5.670892044966688,201558.77816959028,0,-3.8559147906193,0.7365999999999999,0.12541636381774443,0.3701053774802628,172.40900474034748,158.38276227063125,508.0,15.0,47327.67444305798,26069.985890740274,0.7252730151736587,1.0625,0.928689987854111,1.0,1.14637983201593,78774.965476903,37904.102047660184,1780.9938628430064,1496.25957027385
61,1132,5.670892044966688,201558.77816959028,0,-3.8559147906193,0.7365999999999999,0.12541636381774443,0.3701053774802628,172.40900474034748,158.38276227063125,508.0,15.0,47327.67444305798,26069.985890740274,0.7252730151736587,1.0625,0.928689987854111,1.0,1.14637983201593,78774.965476903,37904.102047660184,1780.9938628430064,1496.25957027385
61,1173,5.558992356637213,202394.65124405327,0,-1.4314725343755121,0.7365999999999999,0.11370146393433882,0.4001208099019033,169.00698020123403,158.7941763623046,508.0,13.0,47327.67444305798,24114.321800365968,0.7377637623320183,1.0714285714285714,0.9256705846099288,1.0,1.1678890916856444,77754.6411310302,32645.880088210964,1780.9938628430064,1485.8937263080263
61,1121,5.670424153626976,202436.4853108539,0,-4.1068692296925065,0.7365999999999999,0.11276964408500098,0.3803966154298061,172.39477969787325,158.0054316607203,508.0,14.0,47327.67444305798,25364.689320633555,0.7271177767453962,1.0666666666666667,0.9256705846099288,1.0,1.1695476033481187,78770.69914754803,37007.903534567406,1780.9938628430064,1505.8946292471005
61,701,5.670428237677538,202444.32874132306,0,-4.105294081248509,0.7365999999999999,0.11276557741514995,0.3804494920066205,172.39490386301114,158.00782658138672,508.0,14.0,47327.67444305798,25361.164022344517,0.7271454290896975,1.0666666666666667,0.9256705846099288,1.0,1.1695548239072064,78770.73638676005,37000.22150844815,1780.9938628430064,1505.8330841636796
61,976,5.670428237677538,202444.32874132306,0,-4.105294081248509,0.7365999999999999,0.11276557741514995,0.3804494920066205,172.39490386301114,158.00782658138672,508.0,14.0,47327.67444305798,25361.164022344517,0.7271454290896975,1.0666666666666667,0.9256705846099288,1.0,1.1695548239072064,78770.73638676005,37000.22150844815,1780.9938628430064,1505.8330841636796
61,1031,5.67065035292976,202452.3237246959,0,-4.109852501819891,0.7365999999999999,0.11275921423424165,0.3804494920066205,172.4016567105825,158.0074143237495,508.0,14.0,47327.67444305798,25361.164022344517,0.7271435205856311,1.0666666666666667,0.9256705846099288,1.0,1.1695661217201316,78772.76167925922,37001.004665145796,1780.9938628430064,1505.8436780729344
61,1130,5.67065035292976,202452.3237246959,0,-4.109852501819891,0.7365999999999999,0.11275921423424165,0.3804494920066205,172.4016567105825,158.0074143237495,508.0,14.0,47327.67444305798,25361.164022344517,0.7271435205856311,1.0666666666666667,0.9256705846099288,1.0,1.1695661217201316,78772.76167925922,37001.004665145796,1780.9938628430064,1505.8436780729344
61,1104,5.670610382122453,202534.2116461497,0,-4.077257548143457,0.7365999999999999,0.11350916531291963,0.3803966154298061,172.400441500162,158.0535167232909,508.0,14.0,47327.67444305798,25364.689320633555,0.7273397520411817,1.0666666666666667,0.9256705846099288,1.0,1.1682320113888576,78772.39721722693,36917.53707123923,1780.9938628430064,1504.6598937634205
61,1197,5.670892044966688,202554.42252475212,0,-3.909843859830941,0.7365999999999999,0.1270814953908635,0.37019892419484174,172.40900474034748,158.30433561381392,508.0,15.0,47327.67444305798,26063.39818513172,0.725844693196505,1.0625,0.9319004488322129,1.0,1.1432275993686982,78774.965476903,36908.45769249835,1780.9938628430064,1498.2520152101536
61,921,5.648289551934924,203665.31449629378,0,-3.211251040084612,0.7365999999999999,0.12582890792002194,0.37998743683135067,171.72183360442082,158.6912931454882,508.0,14.0,47327.67444305798,25392.002560547542,0.7308615622237968,1.0666666666666667,0.928689987854111,1.0,1.1456009779458607,78568.87130218263,34904.300410309675,1780.9938628430064,1488.4724445763295
61,1215,5.745620048702048,203906.00068885877,0,-5.391517848056212,0.7365999999999999,0.11276557741514995,0.3804494920066205,174.68091904379145,158.23762771721618,508.0,15.0,47327.67444305798,25361.164022344517,0.7271454290896975,1.0625,0.9256705846099288,1.0,1.1695548239072064,79456.35076642374,38510.179121356414,1780.9938628430064,1499.9509236786653
61,1177,5.733959386793531,204201.47015422743,0,-5.0209979430829925,0.7365999999999999,0.12589154774811945,0.3707117834499022,174.32640636777506,158.44830498443497,508.0,15.0,47327.67444305798,26027.340914836244,0.7257621887963563,1.0625,0.928689987854111,1.0,1.1454825954959789,79350.02645567838,37753.87266922601,1780.9938628430064,1494.5985049267629
61,1134,5.735587197450065,204201.7844802962,0,-5.082205378099996,0.7365999999999999,0.12529158828529802,0.3707117834499022,174.3758957978283,158.40516203222708,508.0,15.0,47327.67444305798,26027.340914836244,0.7255755540007797,1.0625,0.928689987854111,1.0,1.1466151221259864,79364.86916764772,37817.89048517983,1780.9938628430064,1495.6914723935056
61,970,5.735587197450065,204259.14976916084,0,-5.055367877733813,0.7365999999999999,0.12582890792002194,0.3707117834499022,174.3758957978283,158.44378984907985,508.0,15.0,47327.67444305798,26027.340914836244,0.7257426930592441,1.0625,0.928689987854111,1.0,1.1456009779458607,79364.86916764772,37760.5251963152,1780.9938628430064,1494.7128148385425
61,1157,5.67065035292976,204363.52171715623,0,-4.161867544820392,0.7365999999999999,0.11248103240067173,0.37930925954536593,172.4016567105825,157.9321246403161,508.0,14.0,47327.67444305798,25437.40160881457,0.7264360662258145,1.0666666666666667,0.9256705846099287,1.0,1.1700596664244411,78772.76167925922,35089.80667268549,1780.9938628430064,1507.7809224949988
62,1144,5.670892044966688,186940.9950729807,0,-5.528226610687428,0.7365999999999999,0.12585087522807667,0.3159584343727482,172.40900474034748,155.98640277439912,508.0,17.0,47327.67444305798,30537.693947472482,0.6912419786363221,1.0555555555555556,0.928689987854111,1.0,1.14555946581135,78774.965476903,52521.88514426979,1780.9938628430064,1559.6337498665803
62,1227,5.670892044966688,198730.72047169774,0,-6.887437701824268,0.7365999999999999,0.12393026944891149,0.31372970754231144,169.6939023034916,151.66483904629163,500.0,18.0,48084.9172341469,30754.63284807442,0.6910698412493155,1.0526315789473684,0.9228234636957594,1.0,1.1491737590844093,81121.44265318729,40363.53448498114,1803.7543409380582,1668.6509510973594
62,1198,5.670892044966688,200282.5638616708,0,-4.342328958009679,0.7365999999999999,0.11585016310239386,0.3691697308686173,172.40900474034748,157.67818957519833,508.0,15.0,47327.67444305798,26136.059276299056,0.721790546230173,1.0625,0.928689987854111,1.0,1.164034451725748,78774.965476903,39180.31635557968,1780.9938628430064,1514.3517261544291
62,1175,5.670892044966688,200700.62818808272,0,-4.229771794560696,0.7365999999999999,0.11713759503642024,0.37069659817132594,172.40900474034748,157.84067100736442,508.0,15.0,47327.67444305798,26028.407103261874,0.7230511316010683,1.0625,0.928689987854111,1.0,1.1617049207507089,78774.965476903,38762.252029167765,1780.9938628430064,1510.1407891209544
62,1176,5.670892044966688,201448.65849399872,0,-3.8687156640649043,0.7365999999999999,0.12583103776659207,0.3691697308686173,172.40900474034748,158.36413949471785,508.0,15.0,47327.67444305798,26136.059276299056,0.7248739964422487,1.0625,0.928689987854111,1.0,1.1455969532993582,78774.965476903,38014.221723251765,1780.9938628430064,1496.732205705944
62,1022,5.670892044966688,201558.77816959028,0,-3.8559147906193,0.7365999999999999,0.12541636381774443,0.3701053774802628,172.40900474034748,158.38276227063125,508.0,15.0,47327.67444305798,26069.985890740274,0.7252730151736587,1.0625,0.928689987854111,1.0,1.14637983201593,78774.965476903,37904.102047660184,1780.9938628430064,1496.25957027385
62,1132,5.670892044966688,201558.77816959028,0,-3.8559147906193,0.7365999999999999,0.12541636381774443,0.3701053774802628,172.40900474034748,158.38276227063125,508.0,15.0,47327.67444305798,26069.985890740274,0.7252730151736587,1.0625,0.928689987854111,1.0,1.14637983201593,78774.965476903,37904.102047660184,1780.9938628430064,1496.25957027385
62,1237,5.670892044966688,201910.2774467325,0,-3.782501782222072,0.7365999999999999,0.12529998706400508,0.3723346182234899,172.40900474034748,158.4896485332751,508.0,15.0,47327.67444305798,25913.899747044357,0.7264876763780099,1.0625,0.928689987854111,1.0,1.1465992885374119,78774.965476903,37552.60277051796,1780.9938628430064,1493.5526206394914
62,1173,5.558992356637213,202394.65124405327,0,-1.4314725343755121,0.7365999999999999,0.11370146393433882,0.4001208099019033,169.00698020123403,158.7941763623046,508.0,13.0,47327.67444305798,24114.321800365968,0.7377637623320183,1.0714285714285714,0.9256705846099288,1.0,1.1678890916856444,77754.6411310302,32645.880088210964,1780.9938628430064,1485.8937263080263
62,1121,5.670424153626976,202436.4853108539,0,-4.1068692296925065,0.7365999999999999,0.11276964408500098,0.3803966154298061,172.39477969787325,158.0054316607203,508.0,14.0,47327.67444305798,25364.689320633555,0.7271177767453962,1.0666666666666667,0.9256705846099288,1.0,1.1695476033481187,78770.69914754803,37007.903534567406,1780.9938628430064,1505.8946292471005
62,701,5.670428237677538,202444.32874132306,0,-4.105294081248509,0.7365999999999999,0.11276557741514995,0.3804494920066205,172.39490386301114,158.00782658138672,508.0,14.0,47327.67444305798,25361.164022344517,0.7271454290896975,1.0666666666666667,0.9256705846099288,1.0,1.1695548239072064,78770.73638676005,37000.22150844815,1780.9938628430064,1505.8330841636796
62,976,5.670428237677538,202444.32874132306,0,-4.105294081248509,0.7365999999999999,0.11276557741514995,0.3804494920066205,172.39490386301114,158.00782658138672,508.0,14.0,47327.67444305798,25361.164022344517,0.7271454290896975,1.0666666666666667,0.9256705846099288,1.0,1.1695548239072064,78770.73638676005,37000.22150844815,1780.9938628430064,1505.8330841636796
62,1031,5.67065035292976,202452.3237246959,0,-4.109852501819891,0.7365999999999999,0.11275921423424165,0.3804494920066205,172.4016567105825,158.0074143237495,508.0,14.0,47327.67444305798,25361.164022344517,0.7271435205856311,1.0666666666666667,0.9256705846099288,1.0,1.1695661217201316,78772.76167925922,37001.004665145796,1780.9938628430064,1505.8436780729344
62,1130,5.67065035292976,202452.3237246959,0,-4.109852501819891,0.7365999999999999,0.11275921423424165,0.3804494920066205,172.4016567105825,158.0074143237495,508.0,14.0,47327.67444305798,25361.164022344517,0.7271435205856311,1.0666666666666667,0.9256705846099288,1.0,1.1695661217201316,78772.76167925922,37001.004665145796,1780.9938628430064,1505.8436780729344
62,1104,5.670610382122453,202534.2116461497,0,-4.077257548143457,0.7365999999999999,0.11350916531291963,0.3803966154298061,172.400441500162,158.0535167232909,508.0,14.0,47327.67444305798,25364.689320633555,0.7273397520411817,1.0666666666666667,0.9256705846099288,1.0,1.1682320113888576,78772.39721722693,36917.53707123923,1780.9938628430064,1504.6598937634205
62,1197,5.670892044966688,202554.42252475212,0,-3.909843859830941,0.7365999999999999,0.1270814953908635,0.37019892419484174,172.40900474034748,158.30433561381392,508.0,15.0,47327.67444305798,26063.39818513172,0.725844693196505,1.0625,0.9319004488322129,1.0,1.1432275993686982,78774.965476903,36908.45769249835,1780.9938628430064,1498.2520152101536
62,921,5.648289551934924,203665.31449629378,0,-3.211251040084612,0.7365999999999999,0.12582890792002194,0.37998743683135067,171.72183360442082,158.6912931454882,508.0,14.0,47327.67444305798,25392.002560547542,0.7308615622237968,1.0666666666666667,0.928689987854111,1.0,1.1456009779458607,78568.87130218263,34904.300410309675,1780.9938628430064,1488.4724445763295
62,1215,5.745620048702048,203906.00068885877,0,-5.391517848056212,0.7365999999999999,0.11276557741514995,0.3804494920066205,174.68091904379145,158.23762771721618,508.0,15.0,47327.67444305798,25361.164022344517,0.7271454290896975,1.0625,0.9256705846099288,1.0,1.1695548239072064,79456.35076642374,38510.179121356414,1780.9938628430064,1499.9509236786653
62,1177,5.733959386793531,204201.47015422743,0,-5.0209979430829925,0.7365999999999999,0.12589154774811945,0.3707117834499022,174.32640636777506,158.44830498443497,508.0,15.0,47327.67444305798,26027.340914836244,0.7257621887963563,1.0625,0.928689987854111,1.0,1.1454825954959789,79350.02645567838,37753.87266922601,1780.9938628430064,1494.5985049267629
62,1134,5.735587197450065,204201.7844802962,0,-5.082205378099996,0.7365999999999999,0.12529158828529802,0.3707117834499022,174.3758957978283,158.40516203222708,508.0,15.0,47327.67444305798,26027.340914836244,0.7255755540007797,1.0625,0.928689987854111,1.0,1.1466151221259864,79364.86916764772,37817.89048517983,1780.9938628430064,1495.6914723935056
63,1144,5.670892044966688,186940.9950729807,0,-5.528226610687428,0.7365999999999999,0.12585087522807667,0.3159584343727482,172.40900474034748,155.98640277439912,508.0,17.0,47327.67444305798,30537.693947472482,0.6912419786363221,1.0555555555555556,0.928689987854111,1.0,1.14555946581135,78774.965476903,52521.88514426979,1780.9938628430064,1559.6337498665803
63,1227,5.670892044966688,198730.72047169774,0,-6.887437701824268,0.7365999999999999,0.12393026944891149,0.31372970754231144,169.6939023034916,151.66483904629163,500.0,18.0,48084.9172341469,30754.63284807442,0.6910698412493155,1.0526315789473684,0.9228234636957594,1.0,1.1491737590844093,81121.44265318729,40363.53448498114,1803.7543409380582,1668.6509510973594
63,1247,5.670892044966688,199328.8670334159,0,-4.284733023017546,0.7365999999999999,0.11347942135889375,0.37010445089554245,172.40900474034748,157.76129013741993,508.0,15.0,47327.67444305798,26070.05115893828,0.721598754735228,1.0625,0.9256705846099288,1.0,1.1682850224568164,78774.965476903,40134.01318383458,1780.9938628430064,1512.1951273144496
63,1198,5.670892044966688,200282.5638616708,0,-4.342328958009679,0.7365999999999999,0.11585016310239386,0.3691697308686173,172.40900474034748,157.67818957519833,508.0,15.0,47327.67444305798,26136.059276299056,0.721790546230173,1.0625,0.928689987854111,1.0,1.164034451725748,78774.965476903,39180.31635557968,1780.9938628430064,1514.3517261544291
63,1175,5.670892044966688,200700.62818808272,0,-4.229771794560696,0.7365999999999999,0.11713759503642024,0.37069659817132594,172.40900474034748,157.84067100736442,508.0,15.0,47327.67444305798,26028.407103261874,0.7230511316010683,1.0625,0.928689987854111,1.0,1.1617049207507089,78774.965476903,38762.252029167765,1780.9938628430064,1510.1407891209544
63,1176,5.670892044966688,201448.65849399872,0,-3.8687156640649043,0.7365999999999999,0.12583103776659207,0.3691697308686173,172.40900474034748,158.36413949471785,508.0,15.0,47327.67444305798,26136.059276299056,0.7248739964422487,1.0625,0.928689987854111,1.0,1.1455969532993582,78774.965476903,38014.221723251765,1780.9938628430064,1496.732205705944
63,1022,5.670892044966688,201558.77816959028,0,-3.8559147906193,0.7365999999999999,0.12541636381774443,0.3701053774802628,172.40900474034748,158.38276227063125,508.0,15.0,47327.67444305798,26069.985890740274,0.7252730151736587,1.0625,0.928689987854111,1.0,1.14637983201593,78774.965476903,37904.102047660184,1780.9938628430064,1496.25957027385
63,1132,5.670892044966688,201558.77816959028,0,-3.8559147906193,0.7365999999999999,0.12541636381774443,0.3701053774802628,172.40900474034748,158.38276227063125,508.0,15.0,47327.67444305798,26069.985890740274,0.7252730151736587,1.0625,0.928689987854111,1.0,1.14637983201593,78774.965476903,37904.102047660184,1780.9938628430064,1496.25957027385
63,1237,5.670892044966688,201910.2774467325,0,-3.782501782222072,0.7365999999999999,0.12529998706400508,0.3723346182234899,172.40900474034748,158.4896485332751,508.0,15.0,47327.67444305798,25913.899747044357,0.7264876763780099,1.0625,0.928689987854111,1.0,1.1465992885374119,78774.965476903,37552.60277051796,1780.9938628430064,1493.5526206394914
63,1173,5.558992356637213,202394.65124405327,0,-1.4314725343755121,0.7365999999999999,0.11370146393433882,0.4001208099019033,169.00698020123403,158.7941763623046,508.0,13.0,47327.67444305798,24114.321800365968,0.7377637623320183,1.0714285714285714,0.9256705846099288,1.0,1.1678890916856444,77754.6411310302,32645.880088210964,1780.9938628430064,1485.8937263080263
63,1248,5.670424153626976,202435.290183309,0,-4.107303591928709,0.7365999999999999,0.11275993445425522,0.3803966154298061,172.39477969787325,158.0048026323201,508.0,14.0,47327.67444305798,25364.689320633555,0.7271148643332765,1.0666666666666667,0.9256705846099288,1.0,1.1695648429899714,78770.69914754803,37009.098662112294,1780.9938628430064,1505.9107949613885
63,1121,5.670424153626976,202436.4853108539,0,-4.1068692296925065,0.7365999999999999,0.11276964408500098,0.3803966154298061,172.39477969787325,158.0054316607203,508.0,14.0,47327.67444305798,25364.689320633555,0.7271177767453962,1.0666666666666667,0.9256705846099288,1.0,1.1695476033481187,78770.69914754803,37007.903534567406,1780.9938628430064,1505.8946292471005
63,701,5.670428237677538,202444.32874132306,0,-4.105294081248509,0.7365999999999999,0.11276557741514995,0.3804494920066205,172.39490386301114,158.00782658138672,508.0,14.0,47327.67444305798,25361.164022344517,0.7271454290896975,1.0666666666666667,0.9256705846099288,1.0,1.1695548239072064,78770.73638676005,37000.22150844815,1780.9938628430064,1505.8330841636796
63,976,5.670428237677538,202444.32874132306,0,-4.105294081248509,0.7365999999999999,0.11276557741514995,0.3804494920066205,172.39490386301114,158.00782658138672,508.0,14.0,47327.67444305798,25361.164022344517,0.7271454290896975,1.0666666666666667,0.9256705846099288,1.0,1.1695548239072064,78770.73638676005,37000.22150844815,1780.9938628430064,1505.8330841636796
63,1031,5.67065035292976,202452.3237246959,0,-4.109852501819891,0.7365999999999999,0.11275921423424165,0.3804494920066205,172.4016567105825,158.0074143237495,508.0,14.0,47327.67444305798,25361.164022344517,0.7271435205856311,1.0666666666666667,0.9256705846099288,1.0,1.1695661217201316,78772.76167925922,37001.004665145796,1780.9938628430064,1505.8436780729344
63,1130,5.67065035292976,202452.3237246959,0,-4.109852501819891,0.7365999999999999,0.11275921423424165,0.3804494920066205,172.4016567105825,158.0074143237495,508.0,14.0,47327.67444305798,25361.164022344517,0.7271435205856311,1.0666666666666667,0.9256705846099288,1.0,1.1695661217201316,78772.76167925922,37001.004665145796,1780.9938628430064,1505.8436780729344
63,1104,5.670610382122453,202534.2116461497,0,-4.077257548143457,0.7365999999999999,0.11350916531291963,0.3803966154298061,172.400441500162,158.0535167232909,508.0,14.0,47327.67444305798,25364.689320633555,0.7273397520411817,1.0666666666666667,0.9256705846099288,1.0,1.1682320113888576,78772.39721722693,36917.53707123923,1780.9938628430064,1504.6598937634205
63,1197,5.670892044966688,202554.42252475212,0,-3.909843859830941,0.7365999999999999,0.1270814953908635,0.37019892419484174,172.40900474034748,158.30433561381392,508.0,15.0,47327.67444305798,26063.39818513172,0.725844693196505,1.0625,0.9319004488322129,1.0,1.1432275993686982,78774.965476903,36908.45769249835,1780.9938628430064,1498.2520152101536
63,921,5.648289551934924,203665.31449629378,0,-3.211251040084612,0.7365999999999999,0.12582890792002194,0.37998743683135067,171.72183360442082,158.6912931454882,508.0,14.0,47327.67444305798,25392.002560547542,0.7308615622237968,1.0666666666666667,0.928689987854111,1.0,1.1456009779458607,78568.87130218263,34904.300410309675,1780.9938628430064,1488.4724445763295
63,1215,5.745620048702048,203906.00068885877,0,-5.391517848056212,0.7365999999999999,0.11276557741514995,0.3804494920066205,174.68091904379145,158.23762771721618,508.0,15.0,47327.67444305798,25361.164022344517,0.7271454290896975,1.0625,0.9256705846099288,1.0,1.1695548239072064,79456.35076642374,38510.179121356414,1780.9938628430064,1499.9509236786653
64,1144,5.670892044966688,186940.9950729807,0,-5.528226610687428,0.7365999999999999,0.12585087522807667,0.3159584343727482,172.40900474034748,155.98640277439912,508.0,17.0,47327.67444305798,30537.693947472482,0.6912419786363221,1.0555555555555556,0.928689987854111,1.0,1.14555946581135,78774.965476903,52521.88514426979,1780.9938628430064,1559.6337498665803
64,1268,5.670892044966688,195701.94932886056,0,-6.895195283798058,0.7365999999999999,0.12586293410944552,0.3110248521297633,169.6939023034916,151.65432427469256,500.0,18.0,48084.9172341469,31022.09326016181,0.6897780788730224,1.0526315789473684,0.9228234636957594,1.0,1.1455366761698422,81121.44265318729,43392.305627818336,1803.7543409380582,1668.9828058335772
64,1227,5.670892044966688,198730.72047169774,0,-6.887437701824268,0.7365999999999999,0.12393026944891149,0.31372970754231144,169.6939023034916,151.66483904629163,500.0,18.0,48084.9172341469,30754.63284807442,0.6910698412493155,1.0526315789473684,0.9228234636957594,1.0,1.1491737590844093,81121.44265318729,40363.53448498114,1803.7543409380582,1668.6509510973594
64,1247,5.670892044966688,199328.8670334159,0,-4.284733023017546,0.7365999999999999,0.11347942135889375,0.37010445089554245,172.40900474034748,157.76129013741993,508.0,15.0,47327.67444305798,26070.05115893828,0.721598754735228,1.0625,0.9256705846099288,1.0,1.1682850224568164,78774.965476903,40134.01318383458,1780.9938628430064,1512.1951273144496
64,1198,5.670892044966688,200282.5638616708,0,-4.342328958009679,0.7365999999999999,0.11585016310239386,0.3691697308686173,172.40900474034748,157.67818957519833,508.0,15.0,47327.67444305798,26136.059276299056,0.721790546230173,1.0625,0.928689987854111,1.0,1.164034451725748,78774.965476903,39180.31635557968,1780.9938628430064,1514.3517261544291
64,1175,5.670892044966688,200700.62818808272,0,-4.229771794560696,0.7365999999999999,0.11713759503642024,0.37069659817132594,172.40900474034748,157.84067100736442,508.0,15.0,47327.67444305798,26028.407103261874,0.7230511316010683,1.0625,0.928689987854111,1.0,1.1617049207507089,78774.965476903,38762.252029167765,1780.9938628430064,1510.1407891209544
64,1176,5.670892044966688,201448.65849399872,0,-3.8687156640649043,0.7365999999999999,0.12583103776659207,0.3691697308686173,172.40900474034748,158.36413949471785,508.0,15.0,47327.67444305798,26136.059276299056,0.7248739964422487,1.0625,0.928689987854111,1.0,1.1455969532993582,78774.965476903,38014.221723251765,1780.9938628430064,1496.732205705944
64,1022,5.670892044966688,201558.77816959028,0,-3.8559147906193,0.7365999999999999,0.12541636381774443,0.3701053774802628,172.40900474034748,158.38276227063125,508.0,15.0,47327.67444305798,26069.985890740274,0.7252730151736587,1.0625,0.928689987854111,1.0,1.14637983201593,78774.965476903,37904.102047660184,1780.9938628430064,1496.25957027385
64,1132,5.670892044966688,201558.77816959028,0,-3.8559147906193,0.7365999999999999,0.12541636381774443,0.3701053774802628,172.40900474034748,158.38276227063125,508.0,15.0,47327.67444305798,26069.985890740274,0.7252730151736587,1.0625,0.928689987854111,1.0,1.14637983201593,78774.965476903,37904.102047660184,1780.9938628430064,1496.25957027385
64,1237,5.670892044966688,201910.2774467325,0,-3.782501782222072,0.7365999999999999,0.12529998706400508,0.3723346182234899,172.40900474034748,158.4896485332751,508.0,15.0,47327.67444305798,25913.899747044357,0.7264876763780099,1.0625,0.928689987854111,1.0,1.1465992885374119,78774.965476903,37552.60277051796,1780.9938628430064,1493.5526206394914
64,1173,5.558992356637213,202394.65124405327,0,-1.4314725343755121,0.7365999999999999,0.11370146393433882,0.4001208099019033,169.00698020123403,158.7941763623046,508.0,13.0,47327.67444305798,24114.321800365968,0.7377637623320183,1.0714285714285714,0.9256705846099288,1.0,1.1678890916856444,77754.6411310302,32645.880088210964,1780.9938628430064,1485.8937263080263
64,1248,5.670424153626976,202435.290183309,0,-4.107303591928709,0.7365999999999999,0.11275993445425522,0.3803966154298061,172.39477969787325,158.0048026323201,508.0,14.0,47327.67444305798,25364.689320633555,0.7271148643332765,1.0666666666666667,0.9256705846099288,1.0,1.1695648429899714,78770.69914754803,37009.098662112294,1780.9938628430064,1505.9107949613885
64,1121,5.670424153626976,202436.4853108539,0,-4.1068692296925065,0.7365999999999999,0.11276964408500098,0.3803966154298061,172.39477969787325,158.0054316607203,508.0,14.0,47327.67444305798,25364.689320633555,0.7271177767453962,1.0666666666666667,0.9256705846099288,1.0,1.1695476033481187,78770.69914754803,37007.903534567406,1780.9938628430064,1505.8946292471005
64,701,5.670428237677538,202444.32874132306,0,-4.105294081248509,0.7365999999999999,0.11276557741514995,0.3804494920066205,172.39490386301114,158.00782658138672,508.0,14.0,47327.67444305798,25361.164022344517,0.7271454290896975,1.0666666666666667,0.9256705846099288,1.0,1.1695548239072064,78770.73638676005,37000.22150844815,1780.9938628430064,1505.8330841636796
64,976,5.670428237677538,202444.32874132306,0,-4.105294081248509,0.7365999999999999,0.11276557741514995,0.3804494920066205,172.39490386301114,158.00782658138672,508.0,14.0,47327.67444305798,25361.164022344517,0.7271454290896975,1.0666666666666667,0.9256705846099288,1.0,1.1695548239072064,78770.73638676005,37000.22150844815,1780.9938628430064,1505.8330841636796
64,1031,5.67065035292976,202452.3237246959,0,-4.109852501819891,0.7365999999999999,0.11275921423424165,0.3804494920066205,172.4016567105825,158.0074143237495,508.0,14.0,47327.67444305798,25361.164022344517,0.7271435205856311,1.0666666666666667,0.9256705846099288,1.0,1.1695661217201316,78772.76167925922,37001.004665145796,1780.9938628430064,1505.8436780729344
64,1130,5.67065035292976,202452.3237246959,0,-4.109852501819891,0.7365999999999999,0.11275921423424165,0.3804494920066205,172.4016567105825,158.0074143237495,508.0,14.0,47327.67444305798,25361.164022344517,0.7271435205856311,1.0666666666666667,0.9256705846099288,1.0,1.1695661217201316,78772.76167925922,37001.004665145796,1780.9938628430064,1505.8436780729344
64,1104,5.670610382122453,202534.2116461497,0,-4.077257548143457,0.7365999999999999,0.11350916531291963,0.3803966154298061,172.400441500162,158.0535167232909,508.0,14.0,47327.67444305798,25364.689320633555,0.7273397520411817,1.0666666666666667,0.9256705846099288,1.0,1.1682320113888576,78772.39721722693,36917.53707123923,1780.9938628430064,1504.6598937634205
64,1197,5.670892044966688,202554.42252475212,0,-3.909843859830941,0.7365999999999999,0.1270814953908635,0.37019892419484174,172.40900474034748,158.30433561381392,508.0,15.0,47327.67444305798,26063.39818513172,0.725844693196505,1.0625,0.9319004488322129,1.0,1.1432275993686982,78774.965476903,36908.45769249835,1780.9938628430064,1498.2520152101536
64,1262,5.714893874609943,202807.79439798425,0,-4.7631546997272896,0.7365999999999999,0.1135225476983474,0.3805560389334401,173.74676811080013,158.29243299913264,508.0,15.0,47327.67444305798,25354.06348047762,0.7274307572985019,1.0625,0.9256705846099287,1.0,1.1682081580228374,79176.18319893783,38394.06691175369,1780.9938628430064,1498.5548673926264
65,1144,5.670892044966688,186940.9950729807,0,-5.528226610687428,0.7365999999999999,0.12585087522807667,0.3159584343727482,172.40900474034748,155.98640277439912,508.0,17.0,47327.67444305798,30537.693947472482,0.6912419786363221,1.0555555555555556,0.928689987854111,1.0,1.14555946581135,78774.965476903,52521.88514426979,1780.9938628430064,1559.6337498665803
65,1268,5.670892044966688,195701.94932886056,0,-6.895195283798058,0.7365999999999999,0.12586293410944552,0.3110248521297633,169.6939023034916,151.65432427469256,500.0,18.0,48084.9172341469,31022.09326016181,0.6897780788730224,1.0526315789473684,0.9228234636957594,1.0,1.1455366761698422,81121.44265318729,43392.305627818336,1803.7543409380582,1668.9828058335772
65,1227,5.670892044966688,198730.72047169774,0,-6.887437701824268,0.7365999999999999,0.12393026944891149,0.31372970754231144,169.6939023034916,151.66483904629163,500.0,18.0,48084.9172341469,30754.63284807442,0.6910698412493155,1.0526315789473684,0.9228234636957594,1.0,1.1491737590844093,81121.44265318729,40363.53448498114,1803.7543409380582,1668.6509510973594
65,1247,5.670892044966688,199328.8670334159,0,-4.284733023017546,0.7365999999999999,0.11347942135889375,0.37010445089554245,172.40900474034748,157.76129013741993,508.0,15.0,47327.67444305798,26070.05115893828,0.721598754735228,1.0625,0.9256705846099288,1.0,1.1682850224568164,78774.965476903,40134.01318383458,1780.9938628430064,1512.1951273144496
65,1198,5.670892044966688,200282.5638616708,0,-4.342328958009679,0.7365999999999999,0.11585016310239386,0.3691697308686173,172.40900474034748,157.67818957519833,508.0,15.0,47327.67444305798,26136.059276299056,0.721790546230173,1.0625,0.928689987854111,1.0,1.164034451725748,78774.965476903,39180.31635557968,1780.9938628430064,1514.3517261544291
65,1175,5.670892044966688,200700.62818808272,0,-4.229771794560696,0.7365999999999999,0.11713759503642024,0.37069659817132594,172.40900474034748,157.84067100736442,508.0,15.0,47327.67444305798,26028.407103261874,0.7230511316010683,1.0625,0.928689987854111,1.0,1.1617049207507089,78774.965476903,38762.252029167765,1780.9938628430064,1510.1407891209544
65,1176,5.670892044966688,201448.65849399872,0,-3.8687156640649043,0.7365999999999999,0.12583103776659207,0.3691697308686173,172.40900474034748,158.36413949471785,508.0,15.0,47327.67444305798,26136.059276299056,0.7248739964422487,1.0625,0.928689987854111,1.0,1.1455969532993582,78774.965476903,38014.221723251765,1780.9938628430064,1496.732205705944
65,1022,5.670892044966688,201558.77816959028,0,-3.8559147906193,0.7365999999999999,0.12541636381774443,0.3701053774802628,172.40900474034748,158.38276227063125,508.0,15.0,47327.67444305798,26069.985890740274,0.7252730151736587,1.0625,0.928689987854111,1.0,1.14637983201593,78774.965476903,37904.102047660184,1780.9938628430064,1496.25957027385
65,1132,5.670892044966688,201558.77816959028,0,-3.8559147906193,0.7365999999999999,0.12541636381774443,0.3701053774802628,172.40900474034748,158.38276227063125,508.0,15.0,47327.67444305798,26069.985890740274,0.7252730151736587,1.0625,0.928689987854111,1.0,1.14637983201593,78774.965476903,37904.102047660184,1780.9938628430064,1496.25957027385
65,1237,5.670892044966688,201910.2774467325,0,-3.782501782222072,0.7365999999999999,0.12529998706400508,0.3723346182234899,172.40900474034748,158.4896485332751,508.0,15.0,47327.67444305798,25913.899747044357,0.7264876763780099,1.0625,0.928689987854111,1.0,1.1465992885374119,78774.965476903,37552.60277051796,1780.9938628430064,1493.5526206394914
65,1173,5.558992356637213,202394.65124405327,0,-1.4314725343755121,0.7365999999999999,0.11370146393433882,0.4001208099019033,169.00698020123403,158.7941763623046,508.0,13.0,47327.67444305798,24114.321800365968,0.7377637623320183,1.0714285714285714,0.9256705846099288,1.0,1.1678890916856444,77754.6411310302,32645.880088210964,1780.9938628430064,1485.8937263080263
65,1248,5.670424153626976,202435.290183309,0,-4.107303591928709,0.7365999999999999,0.11275993445425522,0.3803966154298061,172.39477969787325,158.0048026323201,508.0,14.0,47327.67444305798,25364.689320633555,0.7271148643332765,1.0666666666666667,0.9256705846099288,1.0,1.1695648429899714,78770.69914754803,37009.098662112294,1780.9938628430064,1505.9107949613885
65,1121,5.670424153626976,202436.4853108539,0,-4.1068692296925065,0.7365999999999999,0.11276964408500098,0.3803966154298061,172.39477969787325,158.0054316607203,508.0,14.0,47327.67444305798,25364.689320633555,0.7271177767453962,1.0666666666666667,0.9256705846099288,1.0,1.1695476033481187,78770.69914754803,37007.903534567406,1780.9938628430064,1505.8946292471005
65,701,5.670428237677538,202444.32874132306,0,-4.105294081248509,0.7365999999999999,0.11276557741514995,0.3804494920066205,172.39490386301114,158.00782658138672,508.0,14.0,47327.67444305798,25361.164022344517,0.7271454290896975,1.0666666666666667,0.9256705846099288,1.0,1.1695548239072064,78770.73638676005,37000.22150844815,1780.9938628430064,1505.8330841636796
65,976,5.670428237677538,202444.32874132306,0,-4.105294081248509,0.7365999999999999,0.11276557741514995,0.3804494920066205,172.39490386301114,158.00782658138672,508.0,14.0,47327.67444305798,25361.164022344517,0.7271454290896975,1.0666666666666667,0.9256705846099288,1.0,1.1695548239072064,78770.73638676005,37000.22150844815,1780.9938628430064,1505.8330841636796
65,1031,5.67065035292976,202452.3237246959,0,-4.109852501819891,0.7365999999999999,0.11275921423424165,0.3804494920066205,172.4016567105825,158.0074143237495,508.0,14.0,47327.67444305798,25361.164022344517,0.7271435205856311,1.0666666666666667,0.9256705846099288,1.0,1.1695661217201316,78772.76167925922,37001.004665145796,1780.9938628430064,1505.8436780729344
65,1130,5.67065035292976,202452.3237246959,0,-4.109852501819891,0.7365999999999999,0.11275921423424165,0.3804494920066205,172.4016567105825,158.0074143237495,508.0,14.0,47327.67444305798,25361.164022344517,0.7271435205856311,1.0666666666666667,0.9256705846099288,1.0,1.1695661217201316,78772.76167925922,37001.004665145796,1780.9938628430064,1505.8436780729344
65,1104,5.670610382122453,202534.2116461497,0,-4.077257548143457,0.7365999999999999,0.11350916531291963,0.3803966154298061,172.400441500162,158.0535167232909,508.0,14.0,47327.67444305798,25364.689320633555,0.7273397520411817,1.0666666666666667,0.9256705846099288,1.0,1.1682320113888576,78772.39721722693,36917.53707123923,1780.9938628430064,1504.6598937634205
65,1197,5.670892044966688,202554.42252475212,0,-3.909843859830941,0.7365999999999999,0.1270814953908635,0.37019892419484174,172.40900474034748,158.30433561381392,508.0,15.0,47327.67444305798,26063.39818513172,0.725844693196505,1.0625,0.9319004488322129,1.0,1.1432275993686982,78774.965476903,36908.45769249835,1780.9938628430064,1498.2520152101536
65,1262,5.714893874609943,202807.79439798425,0,-4.7631546997272896,0.7365999999999999,0.1135225476983474,0.3805560389334401,173.74676811080013,158.29243299913264,508.0,15.0,47327.67444305798,25354.06348047762,0.7274307572985019,1.0625,0.9256705846099287,1.0,1.1682081580228374,79176.18319893783,38394.06691175369,1780.9938628430064,1498.5548673926264
66,1144,5.670892044966688,186940.9950729807,0,-5.528226610687428,0.7365999999999999,0.12585087522807667,0.3159584343727482,172.40900474034748,155.98640277439912,508.0,17.0,47327.67444305798,30537.693947472482,0.6912419786363221,1.0555555555555556,0.928689987854111,1.0,1.14555946581135,78774.965476903,52521.88514426979,1780.9938628430064,1559.6337498665803
66,1268,5.670892044966688,195701.94932886056,0,-6.895195283798058,0.7365999999999999,0.12586293410944552,0.3110248521297633,169.6939023034916,151.65432427469256,500.0,18.0,48084.9172341469,31022.09326016181,0.6897780788730224,1.0526315789473684,0.9228234636957594,1.0,1.1455366761698422,81121.44265318729,43392.305627818336,1803.7543409380582,1668.9828058335772
66,1227,5.670892044966688,198730.72047169774,0,-6.887437701824268,0.7365999999999999,0.12393026944891149,0.31372970754231144,169.6939023034916,151.66483904629163,500.0,18.0,48084.9172341469,30754.63284807442,0.6910698412493155,1.0526315789473684,0.9228234636957594,1.0,1.1491737590844093,81121.44265318729,40363.53448498114,1803.7543409380582,1668.6509510973594
66,1247,5.670892044966688,199328.8670334159,0,-4.284733023017546,0.7365999999999999,0.11347942135889375,0.37010445089554245,172.40900474034748,157.76129013741993,508.0,15.0,47327.67444305798,26070.05115893828,0.721598754735228,1.0625,0.9256705846099288,1.0,1.1682850224568164,78774.965476903,40134.01318383458,1780.9938628430064,1512.1951273144496
66,1198,5.670892044966688,200282.5638616708,0,-4.342328958009679,0.7365999999999999,0.11585016310239386,0.3691697308686173,172.40900474034748,157.67818957519833,508.0,15.0,47327.67444305798,26136.059276299056,0.721790546230173,1.0625,0.928689987854111,1.0,1.164034451725748,78774.965476903,39180.31635557968,1780.9938628430064,1514.3517261544291
66,1175,5.670892044966688,200700.62818808272,0,-4.229771794560696,0.7365999999999999,0.11713759503642024,0.37069659817132594,172.40900474034748,157.84067100736442,508.0,15.0,47327.67444305798,26028.407103261874,0.7230511316010683,1.0625,0.928689987854111,1.0,1.1617049207507089,78774.965476903,38762.252029167765,1780.9938628430064,1510.1407891209544
66,1176,5.670892044966688,201448.65849399872,0,-3.8687156640649043,0.7365999999999999,0.12583103776659207,0.3691697308686173,172.40900474034748,158.36413949471785,508.0,15.0,47327.67444305798,26136.059276299056,0.7248739964422487,1.0625,0.928689987854111,1.0,1.1455969532993582,78774.965476903,38014.221723251765,1780.9938628430064,1496.732205705944
66,1022,5.670892044966688,201558.77816959028,0,-3.8559147906193,0.7365999999999999,0.12541636381774443,0.3701053774802628,172.40900474034748,158.38276227063125,508.0,15.0,47327.67444305798,26069.985890740274,0.7252730151736587,1.0625,0.928689987854111,1.0,1.14637983201593,78774.965476903,37904.102047660184,1780.9938628430064,1496.25957027385
66,1132,5.670892044966688,201558.77816959028,0,-3.8559147906193,0.7365999999999999,0.12541636381774443,0.3701053774802628,172.40900474034748,158.38276227063125,508.0,15.0,47327.67444305798,26069.985890740274,0.7252730151736587,1.0625,0.928689987854111,1.0,1.14637983201593,78774.965476903,37904.102047660184,1780.9938628430064,1496.25957027385
66,1313,5.670892044966688,201603.56577370333,0,-3.835285849430342,0.7365999999999999,0.1258327375946118,0.37010729670932857,172.40900474034748,158.41278257758157,508.0,15.0,47327.67444305798,26069.85070217439,0.7254037308349002,1.0625,0.928689987854111,1.0,1.1455937412069126,78774.965476903,37859.31444354714,1780.9938628430064,1495.4983001127737
66,1237,5.670892044966688,201910.2774467325,0,-3.782501782222072,0.7365999999999999,0.12529998706400508,0.3723346182234899,172.40900474034748,158.4896485332751,508.0,15.0,47327.67444305798,25913.899747044357,0.7264876763780099,1.0625,0.928689987854111,1.0,1.1465992885374119,78774.965476903,37552.60277051796,1780.9938628430064,1493.5526206394914
66,1318,5.670892044966688,201972.51142474232,0,-3.7553197115626933,0.7365999999999999,0.12581765697347427,0.3723790853675366,172.40900474034748,158.52926109509403,508.0,15.0,47327.67444305798,25910.80527380958,0.726673196272042,1.0625,0.928689987854111,1.0,1.1456222375806213,78774.965476903,37490.368792508154,1780.9938628430064,1492.5518980271545
66,1173,5.558992356637213,202394.65124405327,0,-1.4314725343755121,0.7365999999999999,0.11370146393433882,0.4001208099019033,169.00698020123403,158.7941763623046,508.0,13.0,47327.67444305798,24114.321800365968,0.7377637623320183,1.0714285714285714,0.9256705846099288,1.0,1.1678890916856444,77754.6411310302,32645.880088210964,1780.9938628430064,1485.8937263080263
66,1248,5.670424153626976,202435.290183309,0,-4.107303591928709,0.7365999999999999,0.11275993445425522,0.3803966154298061,172.39477969787325,158.0048026323201,508.0,14.0,47327.67444305798,25364.689320633555,0.7271148643332765,1.0666666666666667,0.9256705846099288,1.0,1.1695648429899714,78770.69914754803,37009.098662112294,1780.9938628430064,1505.9107949613885
66,1121,5.670424153626976,202436.4853108539,0,-4.1068692296925065,0.7365999999999999,0.11276964408500098,0.3803966154298061,172.39477969787325,158.0054316607203,508.0,14.0,47327.67444305798,25364.689320633555,0.7271177767453962,1.0666666666666667,0.9256705846099288,1.0,1.1695476033481187,78770.69914754803,37007.903534567406,1780.9938628430064,1505.8946292471005
66,701,5.670428237677538,202444.32874132306,0,-4.105294081248509,0.7365999999999999,0.11276557741514995,0.3804494920066205,172.39490386301114,158.00782658138672,508.0,14.0,47327.67444305798,25361.164022344517,0.7271454290896975,1.0666666666666667,0.9256705846099288,1.0,1.1695548239072064,78770.73638676005,37000.22150844815,1780.9938628430064,1505.8330841636796
66,976,5.670428237677538,202444.32874132306,0,-4.105294081248509,0.7365999999999999,0.11276557741514995,0.3804494920066205,172.39490386301114,158.00782658138672,508.0,14.0,47327.67444305798,25361.164022344517,0.7271454290896975,1.0666666666666667,0.9256705846099288,1.0,1.1695548239072064,78770.73638676005,37000.22150844815,1780.9938628430064,1505.8330841636796
66,1031,5.67065035292976,202452.3237246959,0,-4.109852501819891,0.7365999999999999,0.11275921423424165,0.3804494920066205,172.4016567105825,158.0074143237495,508.0,14.0,47327.67444305798,25361.164022344517,0.7271435205856311,1.0666666666666667,0.9256705846099288,1.0,1.1695661217201316,78772.76167925922,37001.004665145796,1780.9938628430064,1505.8436780729344
66,1130,5.67065035292976,202452.3237246959,0,-4.109852501819891,0.7365999999999999,0.11275921423424165,0.3804494920066205,172.4016567105825,158.0074143237495,508.0,14.0,47327.67444305798,25361.164022344517,0.7271435205856311,1.0666666666666667,0.9256705846099288,1.0,1.1695661217201316,78772.76167925922,37001.004665145796,1780.9938628430064,1505.8436780729344
66,1104,5.670610382122453,202534.2116461497,0,-4.077257548143457,0.7365999999999999,0.11350916531291963,0.3803966154298061,172.400441500162,158.0535167232909,508.0,14.0,47327.67444305798,25364.689320633555,0.7273397520411817,1.0666666666666667,0.9256705846099288,1.0,1.1682320113888576,78772.39721722693,36917.53707123923,1780.9938628430064,1504.6598937634205
67,1144,5.670892044966688,186940.9950729807,0,-5.528226610687428,0.7365999999999999,0.12585087522807667,0.3159584343727482,172.40900474034748,155.98640277439912,508.0,17.0,47327.67444305798,30537.693947472482,0.6912419786363221,1.0555555555555556,0.928689987854111,1.0,1.14555946581135,78774.965476903,52521.88514426979,1780.9938628430064,1559.6337498665803
67,1268,5.670892044966688,195701.94932886056,0,-6.895195283798058,0.7365999999999999,0.12586293410944552,0.3110248521297633,169.6939023034916,151.65432427469256,500.0,18.0,48084.9172341469,31022.09326016181,0.6897780788730224,1.0526315789473684,0.9228234636957594,1.0,1.1455366761698422,81121.44265318729,43392.305627818336,1803.7543409380582,1668.9828058335772
67,1227,5.670892044966688,198730.72047169774,0,-6.887437701824268,0.7365999999999999,0.12393026944891149,0.31372970754231144,169.6939023034916,151.66483904629163,500.0,18.0,48084.9172341469,30754.63284807442,0.6910698412493155,1.0526315789473684,0.9228234636957594,1.0,1.1491737590844093,81121.44265318729,40363.53448498114,1803.7543409380582,1668.6509510973594
67,1247,5.670892044966688,199328.8670334159,0,-4.284733023017546,0.7365999999999999,0.11347942135889375,0.37010445089554245,172.40900474034748,157.76129013741993,508.0,15.0,47327.67444305798,26070.05115893828,0.721598754735228,1.0625,0.9256705846099288,1.0,1.1682850224568164,78774.965476903,40134.01318383458,1780.9938628430064,1512.1951273144496
67,1198,5.670892044966688,200282.5638616708,0,-4.342328958009679,0.7365999999999999,0.11585016310239386,0.3691697308686173,172.40900474034748,157.67818957519833,508.0,15.0,47327.67444305798,26136.059276299056,0.721790546230173,1.0625,0.928689987854111,1.0,1.164034451725748,78774.965476903,39180.31635557968,1780.9938628430064,1514.3517261544291
67,1175,5.670892044966688,200700.62818808272,0,-4.229771794560696,0.7365999999999999,0.11713759503642024,0.37069659817132594,172.40900474034748,157.84067100736442,508.0,15.0,47327.67444305798,26028.407103261874,0.7230511316010683,1.0625,0.928689987854111,1.0,1.1617049207507089,78774.965476903,38762.252029167765,1780.9938628430064,1510.1407891209544
67,1176,5.670892044966688,201448.65849399872,0,-3.8687156640649043,0.7365999999999999,0.12583103776659207,0.3691697308686173,172.40900474034748,158.36413949471785,508.0,15.0,47327.67444305798,26136.059276299056,0.7248739964422487,1.0625,0.928689987854111,1.0,1.1455969532993582,78774.965476903,38014.221723251765,1780.9938628430064,1496.732205705944
67,1340,5.670892044966688,201455.82900368166,0,-4.343119184369106,0.7365999999999999,0.11216290702147853,0.37010445089554245,172.40900474034748,157.67705002967742,508.0,15.0,47327.67444305798,26070.05115893828,0.7211985979446703,1.0625,0.9256705846099288,1.0,1.1706231982345168,78774.965476903,38007.05121356883,1780.9938628430064,1514.3813420247386
67,1022,5.670892044966688,201558.77816959028,0,-3.8559147906193,0.7365999999999999,0.12541636381774443,0.3701053774802628,172.40900474034748,158.38276227063125,508.0,15.0,47327.67444305798,26069.985890740274,0.7252730151736587,1.0625,0.928689987854111,1.0,1.14637983201593,78774.965476903,37904.102047660184,1780.9938628430064,1496.25957027385
67,1132,5.670892044966688,201558.77816959028,0,-3.8559147906193,0.7365999999999999,0.12541636381774443,0.3701053774802628,172.40900474034748,158.38276227063125,508.0,15.0,47327.67444305798,26069.985890740274,0.7252730151736587,1.0625,0.928689987854111,1.0,1.14637983201593,78774.965476903,37904.102047660184,1780.9938628430064,1496.25957027385
67,1313,5.670892044966688,201603.56577370333,0,-3.835285849430342,0.7365999999999999,0.1258327375946118,0.37010729670932857,172.40900474034748,158.41278257758157,508.0,15.0,47327.67444305798,26069.85070217439,0.7254037308349002,1.0625,0.928689987854111,1.0,1.1455937412069126,78774.965476903,37859.31444354714,1780.9938628430064,1495.4983001127737
67,1237,5.670892044966688,201910.2774467325,0,-3.782501782222072,0.7365999999999999,0.12529998706400508,0.3723346182234899,172.40900474034748,158.4896485332751,508.0,15.0,47327.67444305798,25913.899747044357,0.7264876763780099,1.0625,0.928689987854111,1.0,1.1465992885374119,78774.965476903,37552.60277051796,1780.9938628430064,1493.5526206394914
67,1318,5.670892044966688,201972.51142474232,0,-3.7553197115626933,0.7365999999999999,0.12581765697347427,0.3723790853675366,172.40900474034748,158.52926109509403,508.0,15.0,47327.67444305798,25910.80527380958,0.726673196272042,1.0625,0.928689987854111,1.0,1.1456222375806213,78774.965476903,37490.368792508154,1780.9938628430064,1492.5518980271545
67,1173,5.558992356637213,202394.65124405327,0,-1.4314725343755121,0.7365999999999999,0.11370146393433882,0.4001208099019033,169.00698020123403,158.7941763623046,508.0,13.0,47327.67444305798,24114.321800365968,0.7377637623320183,1.0714285714285714,0.9256705846099288,1.0,1.1678890916856444,77754.6411310302,32645.880088210964,1780.9938628430064,1485.8937263080263
67,1248,5.670424153626976,202435.290183309,0,-4.107303591928709,0.7365999999999999,0.11275993445425522,0.3803966154298061,172.39477969787325,158.0048026323201,508.0,14.0,47327.67444305798,25364.689320633555,0.7271148643332765,1.0666666666666667,0.9256705846099288,1.0,1.1695648429899714,78770.69914754803,37009.098662112294,1780.9938628430064,1505.9107949613885
67,1121,5.670424153626976,202436.4853108539,0,-4.1068692296925065,0.7365999999999999,0.11276964408500098,0.3803966154298061,172.39477969787325,158.0054316607203,508.0,14.0,47327.67444305798,25364.689320633555,0.7271177767453962,1.0666666666666667,0.9256705846099288,1.0,1.1695476033481187,78770.69914754803,37007.903534567406,1780.9938628430064,1505.8946292471005
67,701,5.670428237677538,202444.32874132306,0,-4.105294081248509,0.7365999999999999,0.11276557741514995,0.3804494920066205,172.39490386301114,158.00782658138672,508.0,14.0,47327.67444305798,25361.164022344517,0.7271454290896975,1.0666666666666667,0.9256705846099288,1.0,1.1695548239072064,78770.73638676005,37000.22150844815,1780.9938628430064,1505.8330841636796
67,976,5.670428237677538,202444.32874132306,0,-4.105294081248509,0.7365999999999999,0.11276557741514995,0.3804494920066205,172.39490386301114,158.00782658138672,508.0,14.0,47327.67444305798,25361.164022344517,0.7271454290896975,1.0666666666666667,0.9256705846099288,1.0,1.1695548239072064,78770.73638676005,37000.22150844815,1780.9938628430064,1505.8330841636796
67,1031,5.67065035292976,202452.3237246959,0,-4.109852501819891,0.7365999999999999,0.11275921423424165,0.3804494920066205,172.4016567105825,158.0074143237495,508.0,14.0,47327.67444305798,25361.164022344517,0.7271435205856311,1.0666666666666667,0.9256705846099288,1.0,1.1695661217201316,78772.76167925922,37001.004665145796,1780.9938628430064,1505.8436780729344
67,1130,5.67065035292976,202452.3237246959,0,-4.109852501819891,0.7365999999999999,0.11275921423424165,0.3804494920066205,172.4016567105825,158.0074143237495,508.0,14.0,47327.67444305798,25361.164022344517,0.7271435205856311,1.0666666666666667,0.9256705846099288,1.0,1.1695661217201316,78772.76167925922,37001.004665145796,1780.9938628430064,1505.8436780729344
68,1346,5.670892044966688,185764.8739114395,0,-5.587860954992857,0.7365999999999999,0.12393026944891149,0.31372970754231144,172.40900474034748,155.90228733198362,508.0,18.0,47327.67444305798,30754.63284807442,0.6890190662730296,1.0526315789473684,0.928689987854111,1.0,1.1491737590844093,78774.965476903,55239.15369418904,1780.9938628430064,1561.9559409404105
68,1144,5.670892044966688,186940.9950729807,0,-5.528226610687428,0.7365999999999999,0.12585087522807667,0.3159584343727482,172.40900474034748,155.98640277439912,508.0,17.0,47327.67444305798,30537.693947472482,0.6912419786363221,1.0555555555555556,0.928689987854111,1.0,1.14555946581135,78774.965476903,52521.88514426979,1780.9938628430064,1559.6337498665803
68,1268,5.670892044966688,195701.94932886056,0,-6.895195283798058,0.7365999999999999,0.12586293410944552,0.3110248521297633,169.6939023034916,151.65432427469256,500.0,18.0,48084.9172341469,31022.09326016181,0.6897780788730224,1.0526315789473684,0.9228234636957594,1.0,1.1455366761698422,81121.44265318729,43392.305627818336,1803.7543409380582,1668.9828058335772
68,1227,5.670892044966688,198730.72047169774,0,-6.887437701824268,0.7365999999999999,0.12393026944891149,0.31372970754231144,169.6939023034916,151.66483904629163,500.0,18.0,48084.9172341469,30754.63284807442,0.6910698412493155,1.0526315789473684,0.9228234636957594,1.0,1.1491737590844093,81121.44265318729,40363.53448498114,1803.7543409380582,1668.6509510973594
68,1247,5.670892044966688,199328.8670334159,0,-4.284733023017546,0.7365999999999999,0.11347942135889375,0.37010445089554245,172.40900474034748,157.76129013741993,508.0,15.0,47327.67444305798,26070.05115893828,0.721598754735228,1.0625,0.9256705846099288,1.0,1.1682850224568164,78774.965476903,40134.01318383458,1780.9938628430064,1512.1951273144496
68,1198,5.670892044966688,200282.5638616708,0,-4.342328958009679,0.7365999999999999,0.11585016310239386,0.3691697308686173,172.40900474034748,157.67818957519833,508.0,15.0,47327.67444305798,26136.059276299056,0.721790546230173,1.0625,0.928689987854111,1.0,1.164034451725748,78774.965476903,39180.31635557968,1780.9938628430064,1514.3517261544291
68,1175,5.670892044966688,200700.62818808272,0,-4.229771794560696,0.7365999999999999,0.11713759503642024,0.37069659817132594,172.40900474034748,157.84067100736442,508.0,15.0,47327.67444305798,26028.407103261874,0.7230511316010683,1.0625,0.928689987854111,1.0,1.1617049207507089,78774.965476903,38762.252029167765,1780.9938628430064,1510.1407891209544
68,1176,5.670892044966688,201448.65849399872,0,-3.8687156640649043,0.7365999999999999,0.12583103776659207,0.3691697308686173,172.40900474034748,158.36413949471785,508.0,15.0,47327.67444305798,26136.059276299056,0.7248739964422487,1.0625,0.928689987854111,1.0,1.1455969532993582,78774.965476903,38014.221723251765,1780.9938628430064,1496.732205705944
68,1340,5.670892044966688,201455.82900368166,0,-4.343119184369106,0.7365999999999999,0.11216290702147853,0.37010445089554245,172.40900474034748,157.67705002967742,508.0,15.0,47327.67444305798,26070.05115893828,0.7211985979446703,1.0625,0.9256705846099288,1.0,1.1706231982345168,78774.965476903,38007.05121356883,1780.9938628430064,1514.3813420247386
68,1022,5.670892044966688,201558.77816959028,0,-3.8559147906193,0.7365999999999999,0.12541636381774443,0.3701053774802628,172.40900474034748,158.38276227063125,508.0,15.0,47327.67444305798,26069.985890740274,0.7252730151736587,1.0625,0.928689987854111,1.0,1.14637983201593,78774.965476903,37904.102047660184,1780.9938628430064,1496.25957027385
68,1132,5.670892044966688,201558.77816959028,0,-3.8559147906193,0.7365999999999999,0.12541636381774443,0.3701053774802628,172.40900474034748,158.38276227063125,508.0,15.0,47327.67444305798,26069.985890740274,0.7252730151736587,1.0625,0.928689987854111,1.0,1.14637983201593,78774.965476903,37904.102047660184,1780.9938628430064,1496.25957027385
68,1313,5.670892044966688,201603.56577370333,0,-3.835285849430342,0.7365999999999999,0.1258327375946118,0.37010729670932857,172.40900474034748,158.41278257758157,508.0,15.0,47327.67444305798,26069.85070217439,0.7254037308349002,1.0625,0.928689987854111,1.0,1.1455937412069126,78774.965476903,37859.31444354714,1780.9938628430064,1495.4983001127737
68,1237,5.670892044966688,201910.2774467325,0,-3.782501782222072,0.7365999999999999,0.12529998706400508,0.3723346182234899,172.40900474034748,158.4896485332751,508.0,15.0,47327.67444305798,25913.899747044357,0.7264876763780099,1.0625,0.928689987854111,1.0,1.1465992885374119,78774.965476903,37552.60277051796,1780.9938628430064,1493.5526206394914
68,1318,5.670892044966688,201972.51142474232,0,-3.7553197115626933,0.7365999999999999,0.12581765697347427,0.3723790853675366,172.40900474034748,158.52926109509403,508.0,15.0,47327.67444305798,25910.80527380958,0.726673196272042,1.0625,0.928689987854111,1.0,1.1456222375806213,78774.965476903,37490.368792508154,1780.9938628430064,1492.5518980271545
68,1173,5.558992356637213,202394.65124405327,0,-1.4314725343755121,0.7365999999999999,0.11370146393433882,0.4001208099019033,169.00698020123403,158.7941763623046,508.0,13.0,47327.67444305798,24114.321800365968,0.7377637623320183,1.0714285714285714,0.9256705846099288,1.0,1.1678890916856444,77754.6411310302,32645.880088210964,1780.9938628430064,1485.8937263080263
68,1248,5.670424153626976,202435.290183309,0,-4.107303591928709,0.7365999999999999,0.11275993445425522,0.3803966154298061,172.39477969787325,158.0048026323201,508.0,14.0,47327.67444305798,25364.689320633555,0.7271148643332765,1.0666666666666667,0.9256705846099288,1.0,1.1695648429899714,78770.69914754803,37009.098662112294,1780.9938628430064,1505.9107949613885
68,1121,5.670424153626976,202436.4853108539,0,-4.1068692296925065,0.7365999999999999,0.11276964408500098,0.3803966154298061,172.39477969787325,158.0054316607203,508.0,14.0,47327.67444305798,25364.689320633555,0.7271177767453962,1.0666666666666667,0.9256705846099288,1.0,1.1695476033481187,78770.69914754803,37007.903534567406,1780.9938628430064,1505.8946292471005
68,701,5.670428237677538,202444.32874132306,0,-4.105294081248509,0.7365999999999999,0.11276557741514995,0.3804494920066205,172.39490386301114,158.00782658138672,508.0,14.0,47327.67444305798,25361.164022344517,0.7271454290896975,1.0666666666666667,0.9256705846099288,1.0,1.1695548239072064,78770.73638676005,37000.22150844815,1780.9938628430064,1505.8330841636796
68,976,5.670428237677538,202444.32874132306,0,-4.105294081248509,0.7365999999999999,0.11276557741514995,0.3804494920066205,172.39490386301114,158.00782658138672,508.0,14.0,47327.67444305798,25361.164022344517,0.7271454290896975,1.0666666666666667,0.9256705846099288,1.0,1.1695548239072064,78770.73638676005,37000.22150844815,1780.9938628430064,1505.8330841636796
68,1031,5.67065035292976,202452.3237246959,0,-4.109852501819891,0.7365999999999999,0.11275921423424165,0.3804494920066205,172.4016567105825,158.0074143237495,508.0,14.0,47327.67444305798,25361.164022344517,0.7271435205856311,1.0666666666666667,0.9256705846099288,1.0,1.1695661217201316,78772.76167925922,37001.004665145796,1780.9938628430064,1505.8436780729344
69,1346,5.670892044966688,185764.8739114395,0,-5.587860954992857,0.7365999999999999,0.12393026944891149,0.31372970754231144,172.40900474034748,155.90228733198362,508.0,18.0,47327.67444305798,30754.63284807442,0.6890190662730296,1.0526315789473684,0.928689987854111,1.0,1.1491737590844093,78774.965476903,55239.15369418904,1780.9938628430064,1561.9559409404105
69,1144,5.670892044966688,186940.9950729807,0,-5.528226610687428,0.7365999999999999,0.12585087522807667,0.3159584343727482,172.40900474034748,155.98640277439912,508.0,17.0,47327.67444305798,30537.693947472482,0.6912419786363221,1.0555555555555556,0.928689987854111,1.0,1.14555946581135,78774.965476903,52521.88514426979,1780.9938628430064,1559.6337498665803
69,1268,5.670892044966688,195701.94932886056,0,-6.895195283798058,0.7365999999999999,0.12586293410944552,0.3110248521297633,169.6939023034916,151.65432427469256,500.0,18.0,48084.9172341469,31022.09326016181,0.6897780788730224,1.0526315789473684,0.9228234636957594,1.0,1.1455366761698422,81121.44265318729,43392.305627818336,1803.7543409380582,1668.9828058335772
69,1227,5.670892044966688,198730.72047169774,0,-6.887437701824268,0.7365999999999999,0.12393026944891149,0.31372970754231144,169.6939023034916,151.66483904629163,500.0,18.0,48084.9172341469,30754.63284807442,0.6910698412493155,1.0526315789473684,0.9228234636957594,1.0,1.1491737590844093,81121.44265318729,40363.53448498114,1803.7543409380582,1668.6509510973594
69,1247,5.670892044966688,199328.8670334159,0,-4.284733023017546,0.7365999999999999,0.11347942135889375,0.37010445089554245,172.40900474034748,157.76129013741993,508.0,15.0,47327.67444305798,26070.05115893828,0.721598754735228,1.0625,0.9256705846099288,1.0,1.1682850224568164,78774.965476903,40134.01318383458,1780.9938628430064,1512.1951273144496
69,1370,5.670892044966688,199328.8670334159,0,-4.284733023017546,0.7365999999999999,0.11347942135889375,0.37010445089554245,172.40900474034748,157.76129013741993,508.0,15.0,47327.67444305798,26070.05115893828,0.721598754735228,1.0625,0.9256705846099288,1.0,1.1682850224568164,78774.965476903,40134.01318383458,1780.9938628430064,1512.1951273144496
69,1198,5.670892044966688,200282.5638616708,0,-4.342328958009679,0.7365999999999999,0.11585016310239386,0.3691697308686173,172.40900474034748,157.67818957519833,508.0,15.0,47327.67444305798,26136.059276299056,0.721790546230173,1.0625,0.928689987854111,1.0,1.164034451725748,78774.965476903,39180.31635557968,1780.9938628430064,1514.3517261544291
69,1175,5.670892044966688,200700.62818808272,0,-4.229771794560696,0.7365999999999999,0.11713759503642024,0.37069659817132594,172.40900474034748,157.84067100736442,508.0,15.0,47327.67444305798,26028.407103261874,0.7230511316010683,1.0625,0.928689987854111,1.0,1.1617049207507089,78774.965476903,38762.252029167765,1780.9938628430064,1510.1407891209544
69,1176,5.670892044966688,201448.65849399872,0,-3.8687156640649043,0.7365999999999999,0.12583103776659207,0.3691697308686173,172.40900474034748,158.36413949471785,508.0,15.0,47327.67444305798,26136.059276299056,0.7248739964422487,1.0625,0.928689987854111,1.0,1.1455969532993582,78774.965476903,38014.221723251765,1780.9938628430064,1496.732205705944
69,1340,5.670892044966688,201455.82900368166,0,-4.343119184369106,0.7365999999999999,0.11216290702147853,0.37010445089554245,172.40900474034748,157.67705002967742,508.0,15.0,47327.67444305798,26070.05115893828,0.7211985979446703,1.0625,0.9256705846099288,1.0,1.1706231982345168,78774.965476903,38007.05121356883,1780.9938628430064,1514.3813420247386
69,1022,5.670892044966688,201558.77816959028,0,-3.8559147906193,0.7365999999999999,0.12541636381774443,0.3701053774802628,172.40900474034748,158.38276227063125,508.0,15.0,47327.67444305798,26069.985890740274,0.7252730151736587,1.0625,0.928689987854111,1.0,1.14637983201593,78774.965476903,37904.102047660184,1780.9938628430064,1496.25957027385
69,1132,5.670892044966688,201558.77816959028,0,-3.8559147906193,0.7365999999999999,0.12541636381774443,0.3701053774802628,172.40900474034748,158.38276227063125,508.0,15.0,47327.67444305798,26069.985890740274,0.7252730151736587,1.0625,0.928689987854111,1.0,1.14637983201593,78774.965476903,37904.102047660184,1780.9938628430064,1496.25957027385
69,1313,5.670892044966688,201603.56577370333,0,-3.835285849430342,0.7365999999999999,0.1258327375946118,0.37010729670932857,172.40900474034748,158.41278257758157,508.0,15.0,47327.67444305798,26069.85070217439,0.7254037308349002,1.0625,0.928689987854111,1.0,1.1455937412069126,78774.965476903,37859.31444354714,1780.9938628430064,1495.4983001127737
69,1237,5.670892044966688,201910.2774467325,0,-3.782501782222072,0.7365999999999999,0.12529998706400508,0.3723346182234899,172.40900474034748,158.4896485332751,508.0,15.0,47327.67444305798,25913.899747044357,0.7264876763780099,1.0625,0.928689987854111,1.0,1.1465992885374119,78774.965476903,37552.60277051796,1780.9938628430064,1493.5526206394914
69,1318,5.670892044966688,201972.51142474232,0,-3.7553197115626933,0.7365999999999999,0.12581765697347427,0.3723790853675366,172.40900474034748,158.52926109509403,508.0,15.0,47327.67444305798,25910.80527380958,0.726673196272042,1.0625,0.928689987854111,1.0,1.1456222375806213,78774.965476903,37490.368792508154,1780.9938628430064,1492.5518980271545
69,1173,5.558992356637213,202394.65124405327,0,-1.4314725343755121,0.7365999999999999,0.11370146393433882,0.4001208099019033,169.00698020123403,158.7941763623046,508.0,13.0,47327.67444305798,24114.321800365968,0.7377637623320183,1.0714285714285714,0.9256705846099288,1.0,1.1678890916856444,77754.6411310302,32645.880088210964,1780.9938628430064,1485.8937263080263
69,1248,5.670424153626976,202435.290183309,0,-4.107303591928709,0.7365999999999999,0.11275993445425522,0.3803966154298061,172.39477969787325,158.0048026323201,508.0,14.0,47327.67444305798,25364.689320633555,0.7271148643332765,1.0666666666666667,0.9256705846099288,1.0,1.1695648429899714,78770.69914754803,37009.098662112294,1780.9938628430064,1505.9107949613885
69,1121,5.670424153626976,202436.4853108539,0,-4.1068692296925065,0.7365999999999999,0.11276964408500098,0.3803966154298061,172.39477969787325,158.0054316607203,508.0,14.0,47327.67444305798,25364.689320633555,0.7271177767453962,1.0666666666666667,0.9256705846099288,1.0,1.1695476033481187,78770.69914754803,37007.903534567406,1780.9938628430064,1505.8946292471005
69,701,5.670428237677538,202444.32874132306,0,-4.105294081248509,0.7365999999999999,0.11276557741514995,0.3804494920066205,172.39490386301114,158.00782658138672,508.0,14.0,47327.67444305798,25361.164022344517,0.7271454290896975,1.0666666666666667,0.9256705846099288,1.0,1.1695548239072064,78770.73638676005,37000.22150844815,1780.9938628430064,1505.8330841636796
69,976,5.670428237677538,202444.32874132306,0,-4.105294081248509,0.7365999999999999,0.11276557741514995,0.3804494920066205,172.39490386301114,158.00782658138672,508.0,14.0,47327.67444305798,25361.164022344517,0.7271454290896975,1.0666666666666667,0.9256705846099288,1.0,1.1695548239072064,78770.73638676005,37000.22150844815,1780.9938628430064,1505.8330841636796
70,1346,5.670892044966688,185764.8739114395,0,-5.587860954992857,0.7365999999999999,0.12393026944891149,0.31372970754231144,172.40900474034748,155.90228733198362,508.0,18.0,47327.67444305798,30754.63284807442,0.6890190662730296,1.0526315789473684,0.928689987854111,1.0,1.1491737590844093,78774.965476903,55239.15369418904,1780.9938628430064,1561.9559409404105
70,1144,5.670892044966688,186940.9950729807,0,-5.528226610687428,0.7365999999999999,0.12585087522807667,0.3159584343727482,172.40900474034748,155.98640277439912,508.0,17.0,47327.67444305798,30537.693947472482,0.6912419786363221,1.0555555555555556,0.928689987854111,1.0,1.14555946581135,78774.965476903,52521.88514426979,1780.9938628430064,1559.6337498665803
70,1398,5.670892044966688,186983.2637839546,0,-5.812459932173473,0.7365999999999999,0.12116090583479755,0.3110248521297633,172.40900474034748,155.58629854970846,508.0,18.0,47327.67444305798,31022.09326016181,0.6861530323297984,1.0526315789473684,0.928689987854111,1.0,1.1543307092537898,78774.965476903,56457.54356670412,1780.9938628430064,1570.7416337420739
70,1400,5.670892044966688,188712.64194216277,0,-5.914555214326361,0.7365999999999999,0.11347942135889375,0.3137954745496426,172.40900474034748,155.4430835585032,508.0,18.0,47327.67444305798,30748.18712043323,0.6856187601847374,1.0526315789473684,0.9256705846099288,1.0,1.1682850224568164,78774.965476903,58186.92172491229,1780.9938628430064,1574.756188384824
70,1268,5.670892044966688,195701.94932886056,0,-6.895195283798058,0.7365999999999999,0.12586293410944552,0.3110248521297633,169.6939023034916,151.65432427469256,500.0,18.0,48084.9172341469,31022.09326016181,0.6897780788730224,1.0526315789473684,0.9228234636957594,1.0,1.1455366761698422,81121.44265318729,43392.305627818336,1803.7543409380582,1668.9828058335772
70,1227,5.670892044966688,198730.72047169774,0,-6.887437701824268,0.7365999999999999,0.12393026944891149,0.31372970754231144,169.6939023034916,151.66483904629163,500.0,18.0,48084.9172341469,30754.63284807442,0.6910698412493155,1.0526315789473684,0.9228234636957594,1.0,1.1491737590844093,81121.44265318729,40363.53448498114,1803.7543409380582,1668.6509510973594
70,1247,5.670892044966688,199328.8670334159,0,-4.284733023017546,0.7365999999999999,0.11347942135889375,0.37010445089554245,172.40900474034748,157.76129013741993,508.0,15.0,47327.67444305798,26070.05115893828,0.721598754735228,1.0625,0.9256705846099288,1.0,1.1682850224568164,78774.965476903,40134.01318383458,1780.9938628430064,1512.1951273144496
70,1370,5.670892044966688,199328.8670334159,0,-4.284733023017546,0.7365999999999999,0.11347942135889375,0.37010445089554245,172.40900474034748,157.76129013741993,508.0,15.0,47327.67444305798,26070.05115893828,0.721598754735228,1.0625,0.9256705846099288,1.0,1.1682850224568164,78774.965476903,40134.01318383458,1780.9938628430064,1512.1951273144496
70,1198,5.670892044966688,200282.5638616708,0,-4.342328958009679,0.7365999999999999,0.11585016310239386,0.3691697308686173,172.40900474034748,157.67818957519833,508.0,15.0,47327.67444305798,26136.059276299056,0.721790546230173,1.0625,0.928689987854111,1.0,1.164034451725748,78774.965476903,39180.31635557968,1780.9938628430064,1514.3517261544291
70,1175,5.670892044966688,200700.62818808272,0,-4.229771794560696,0.7365999999999999,0.11713759503642024,0.37069659817132594,172.40900474034748,157.84067100736442,508.0,15.0,47327.67444305798,26028.407103261874,0.7230511316010683,1.0625,0.928689987854111,1.0,1.1617049207507089,78774.965476903,38762.252029167765,1780.9938628430064,1510.1407891209544
70,1176,5.670892044966688,201448.65849399872,0,-3.8687156640649043,0.7365999999999999,0.12583103776659207,0.3691697308686173,172.40900474034748,158.36413949471785,508.0,15.0,47327.67444305798,26136.059276299056,0.7248739964422487,1.0625,0.928689987854111,1.0,1.1455969532993582,78774.965476903,38014.221723251765,1780.9938628430064,1496.732205705944
70,1340,5.670892044966688,201455.82900368166,0,-4.343119184369106,0.7365999999999999,0.11216290702147853,0.37010445089554245,172.40900474034748,157.67705002967742,508.0,15.0,47327.67444305798,26070.05115893828,0.7211985979446703,1.0625,0.9256705846099288,1.0,1.1706231982345168,78774.965476903,38007.05121356883,1780.9938628430064,1514.3813420247386
70,1022,5.670892044966688,201558.77816959028,0,-3.8559147906193,0.7365999999999999,0.12541636381774443,0.3701053774802628,172.40900474034748,158.38276227063125,508.0,15.0,47327.67444305798,26069.985890740274,0.7252730151736587,1.0625,0.928689987854111,1.0,1.14637983201593,78774.965476903,37904.102047660184,1780.9938628430064,1496.25957027385
70,1132,5.670892044966688,201558.77816959028,0,-3.8559147906193,0.7365999999999999,0.12541636381774443,0.3701053774802628,172.40900474034748,158.38276227063125,508.0,15.0,47327.67444305798,26069.985890740274,0.7252730151736587,1.0625,0.928689987854111,1.0,1.14637983201593,78774.965476903,37904.102047660184,1780.9938628430064,1496.25957027385
70,1313,5.670892044966688,201603.56577370333,0,-3.835285849430342,0.7365999999999999,0.1258327375946118,0.37010729670932857,172.40900474034748,158.41278257758157,508.0,15.0,47327.67444305798,26069.85070217439,0.7254037308349002,1.0625,0.928689987854111,1.0,1.1455937412069126,78774.965476903,37859.31444354714,1780.9938628430064,1495.4983001127737
70,1237,5.670892044966688,201910.2774467325,0,-3.782501782222072,0.7365999999999999,0.12529998706400508,0.3723346182234899,172.40900474034748,158.4896485332751,508.0,15.0,47327.67444305798,25913.899747044357,0.7264876763780099,1.0625,0.928689987854111,1.0,1.1465992885374119,78774.965476903,37552.60277051796,1780.9938628430064,1493.5526206394914
70,1318,5.670892044966688,201972.51142474232,0,-3.7553197115626933,0.7365999999999999,0.12581765697347427,0.3723790853675366,172.40900474034748,158.52926109509403,508.0,15.0,47327.67444305798,25910.80527380958,0.726673196272042,1.0625,0.928689987854111,1.0,1.1456222375806213,78774.965476903,37490.368792508154,1780.9938628430064,1492.5518980271545
70,1173,5.558992356637213,202394.65124405327,0,-1.4314725343755121,0.7365999999999999,0.11370146393433882,0.4001208099019033,169.00698020123403,158.7941763623046,508.0,13.0,47327.67444305798,24114.321800365968,0.7377637623320183,1.0714285714285714,0.9256705846099288,1.0,1.1678890916856444,77754.6411310302,32645.880088210964,1780.9938628430064,1485.8937263080263
70,1248,5.670424153626976,202435.290183309,0,-4.107303591928709,0.7365999999999999,0.11275993445425522,0.3803966154298061,172.39477969787325,158.0048026323201,508.0,14.0,47327.67444305798,25364.689320633555,0.7271148643332765,1.0666666666666667,0.9256705846099288,1.0,1.1695648429899714,78770.69914754803,37009.098662112294,1780.9938628430064,1505.9107949613885
70,1121,5.670424153626976,202436.4853108539,0,-4.1068692296925065,0.7365999999999999,0.11276964408500098,0.3803966154298061,172.39477969787325,158.0054316607203,508.0,14.0,47327.67444305798,25364.689320633555,0.7271177767453962,1.0666666666666667,0.9256705846099288,1.0,1.1695476033481187,78770.69914754803,37007.903534567406,1780.9938628430064,1505.8946292471005
71,1346,5.670892044966688,185764.8739114395,0,-5.587860954992857,0.7365999999999999,0.12393026944891149,0.31372970754231144,172.40900474034748,155.90228733198362,508.0,18.0,47327.67444305798,30754.63284807442,0.6890190662730296,1.0526315789473684,0.928689987854111,1.0,1.1491737590844093,78774.965476903,55239.15369418904,1780.9938628430064,1561.9559409404105
71,1144,5.670892044966688,186940.9950729807,0,-5.528226610687428,0.7365999999999999,0.12585087522807667,0.3159584343727482,172.40900474034748,155.98640277439912,508.0,17.0,47327.67444305798,30537.693947472482,0.6912419786363221,1.0555555555555556,0.928689987854111,1.0,1.14555946581135,78774.965476903,52521.88514426979,1780.9938628430064,1559.6337498665803
71,1398,5.670892044966688,186983.2637839546,0,-5.812459932173473,0.7365999999999999,0.12116090583479755,0.3110248521297633,172.40900474034748,155.58629854970846,508.0,18.0,47327.67444305798,31022.09326016181,0.6861530323297984,1.0526315789473684,0.928689987854111,1.0,1.1543307092537898,78774.965476903,56457.54356670412,1780.9938628430064,1570.7416337420739
71,1411,5.670892044966688,188456.0976495026,0,-6.299718891998928,0.7365999999999999,0.11216290702147853,0.304648157361054,172.40900474034748,154.90515740443757,508.0,18.0,47327.67444305798,31671.427303472763,0.6784844486412077,1.0526315789473684,0.9256705846099288,1.0,1.1706231982345168,78774.965476903,57930.37743225212,1780.9938628430064,1590.0202266811023
71,1400,5.670892044966688,188712.64194216277,0,-5.914555214326361,0.7365999999999999,0.11347942135889375,0.3137954745496426,172.40900474034748,155.4430835585032,508.0,18.0,47327.67444305798,30748.18712043323,0.6856187601847374,1.0526315789473684,0.9256705846099288,1.0,1.1682850224568164,78774.965476903,58186.92172491229,1780.9938628430064,1574.756188384824
71,1268,5.670892044966688,195701.94932886056,0,-6.895195283798058,0.7365999999999999,0.12586293410944552,0.3110248521297633,169.6939023034916,151.65432427469256,500.0,18.0,48084.9172341469,31022.09326016181,0.6897780788730224,1.0526315789473684,0.9228234636957594,1.0,1.1455366761698422,81121.44265318729,43392.305627818336,1803.7543409380582,1668.9828058335772
71,1227,5.670892044966688,198730.72047169774,0,-6.887437701824268,0.7365999999999999,0.12393026944891149,0.31372970754231144,169.6939023034916,151.66483904629163,500.0,18.0,48084.9172341469,30754.63284807442,0.6910698412493155,1.0526315789473684,0.9228234636957594,1.0,1.1491737590844093,81121.44265318729,40363.53448498114,1803.7543409380582,1668.6509510973594
71,1412,5.670892044966688,198734.16640617634,0,-6.886832500638709,0.7365999999999999,0.12393026944891149,0.3137469759264831,169.6939023034916,151.6656594086019,500.0,18.0,48084.9172341469,30752.940137527934,0.6910821379789978,1.0526315789473684,0.9228234636957594,1.0,1.1491737590844093,81121.44265318729,40360.08855050254,1803.7543409380582,1668.625065345908
71,1247,5.670892044966688,199328.8670334159,0,-4.284733023017546,0.7365999999999999,0.11347942135889375,0.37010445089554245,172.40900474034748,157.76129013741993,508.0,15.0,47327.67444305798,26070.05115893828,0.721598754735228,1.0625,0.9256705846099288,1.0,1.1682850224568164,78774.965476903,40134.01318383458,1780.9938628430064,1512.1951273144496
71,1370,5.670892044966688,199328.8670334159,0,-4.284733023017546,0.7365999999999999,0.11347942135889375,0.37010445089554245,172.40900474034748,157.76129013741993,508.0,15.0,47327.67444305798,26070.05115893828,0.721598754735228,1.0625,0.9256705846099288,1.0,1.1682850224568164,78774.965476903,40134.01318383458,1780.9938628430064,1512.1951273144496
71,1420,5.670892044966688,200143.57680940063,0,-4.141054598823576,0.7365999999999999,0.12586293410944552,0.3614900307952496,172.40900474034748,157.9689745294122,508.0,15.0,47327.67444305798,26691.308603369507,0.7204737262038114,1.0625,0.928689987854111,1.0,1.1455366761698422,78774.965476903,39319.30340784986,1780.9938628430064,1506.8321324574422
71,1198,5.670892044966688,200282.5638616708,0,-4.342328958009679,0.7365999999999999,0.11585016310239386,0.3691697308686173,172.40900474034748,157.67818957519833,508.0,15.0,47327.67444305798,26136.059276299056,0.721790546230173,1.0625,0.928689987854111,1.0,1.164034451725748,78774.965476903,39180.31635557968,1780.9938628430064,1514.3517261544291
71,1175,5.670892044966688,200700.62818808272,0,-4.229771794560696,0.7365999999999999,0.11713759503642024,0.37069659817132594,172.40900474034748,157.84067100736442,508.0,15.0,47327.67444305798,26028.407103261874,0.7230511316010683,1.0625,0.928689987854111,1.0,1.1617049207507089,78774.965476903,38762.252029167765,1780.9938628430064,1510.1407891209544
71,1176,5.670892044966688,201448.65849399872,0,-3.8687156640649043,0.7365999999999999,0.12583103776659207,0.3691697308686173,172.40900474034748,158.36413949471785,508.0,15.0,47327.67444305798,26136.059276299056,0.7248739964422487,1.0625,0.928689987854111,1.0,1.1455969532993582,78774.965476903,38014.221723251765,1780.9938628430064,1496.732205705944
71,1340,5.670892044966688,201455.82900368166,0,-4.343119184369106,0.7365999999999999,0.11216290702147853,0.37010445089554245,172.40900474034748,157.67705002967742,508.0,15.0,47327.67444305798,26070.05115893828,0.7211985979446703,1.0625,0.9256705846099288,1.0,1.1706231982345168,78774.965476903,38007.05121356883,1780.9938628430064,1514.3813420247386
71,1022,5.670892044966688,201558.77816959028,0,-3.8559147906193,0.7365999999999999,0.12541636381774443,0.3701053774802628,172.40900474034748,158.38276227063125,508.0,15.0,47327.67444305798,26069.985890740274,0.7252730151736587,1.0625,0.928689987854111,1.0,1.14637983201593,78774.965476903,37904.102047660184,1780.9938628430064,1496.25957027385
71,1132,5.670892044966688,201558.77816959028,0,-3.8559147906193,0.7365999999999999,0.12541636381774443,0.3701053774802628,172.40900474034748,158.38276227063125,508.0,15.0,47327.67444305798,26069.985890740274,0.7252730151736587,1.0625,0.928689987854111,1.0,1.14637983201593,78774.965476903,37904.102047660184,1780.9938628430064,1496.25957027385
71,1313,5.670892044966688,201603.56577370333,0,-3.835285849430342,0.7365999999999999,0.1258327375946118,0.37010729670932857,172.40900474034748,158.41278257758157,508.0,15.0,47327.67444305798,26069.85070217439,0.7254037308349002,1.0625,0.928689987854111,1.0,1.1455937412069126,78774.965476903,37859.31444354714,1780.9938628430064,1495.4983001127737
71,1237,5.670892044966688,201910.2774467325,0,-3.782501782222072,0.7365999999999999,0.12529998706400508,0.3723346182234899,172.40900474034748,158.4896485332751,508.0,15.0,47327.67444305798,25913.899747044357,0.7264876763780099,1.0625,0.928689987854111,1.0,1.1465992885374119,78774.965476903,37552.60277051796,1780.9938628430064,1493.5526206394914
71,1318,5.670892044966688,201972.51142474232,0,-3.7553197115626933,0.7365999999999999,0.12581765697347427,0.3723790853675366,172.40900474034748,158.52926109509403,508.0,15.0,47327.67444305798,25910.80527380958,0.726673196272042,1.0625,0.928689987854111,1.0,1.1456222375806213,78774.965476903,37490.368792508154,1780.9938628430064,1492.5518980271545
72,1346,5.670892044966688,185764.8739114395,0,-5.587860954992857,0.7365999999999999,0.12393026944891149,0.31372970754231144,172.40900474034748,155.90228733198362,508.0,18.0,47327.67444305798,30754.63284807442,0.6890190662730296,1.0526315789473684,0.928689987854111,1.0,1.1491737590844093,78774.965476903,55239.15369418904,1780.9938628430064,1561.9559409404105
72,1438,5.670892044966688,186391.10063413432,0,-5.647239798778605,0.7365999999999999,0.12472000034552025,0.31112083442137,172.40900474034748,155.81862236589714,508.0,18.0,47327.67444305798,31012.522793410248,0.6874099767940576,1.0526315789473684,0.928689987854111,1.0,1.1476913183035609,78774.965476903,55865.38041688384,1780.9938628430064,1564.2725655271672
72,1144,5.670892044966688,186940.9950729807,0,-5.528226610687428,0.7365999999999999,0.12585087522807667,0.3159584343727482,172.40900474034748,155.98640277439912,508.0,17.0,47327.67444305798,30537.693947472482,0.6912419786363221,1.0555555555555556,0.928689987854111,1.0,1.14555946581135,78774.965476903,52521.88514426979,1780.9938628430064,1559.6337498665803
72,1398,5.670892044966688,186983.2637839546,0,-5.812459932173473,0.7365999999999999,0.12116090583479755,0.3110248521297633,172.40900474034748,155.58629854970846,508.0,18.0,47327.67444305798,31022.09326016181,0.6861530323297984,1.0526315789473684,0.928689987854111,1.0,1.1543307092537898,78774.965476903,56457.54356670412,1780.9938628430064,1570.7416337420739
72,1411,5.670892044966688,188456.0976495026,0,-6.299718891998928,0.7365999999999999,0.11216290702147853,0.304648157361054,172.40900474034748,154.90515740443757,508.0,18.0,47327.67444305798,31671.427303472763,0.6784844486412077,1.0526315789473684,0.9256705846099288,1.0,1.1706231982345168,78774.965476903,57930.37743225212,1780.9938628430064,1590.0202266811023
72,1400,5.670892044966688,188712.64194216277,0,-5.914555214326361,0.7365999999999999,0.11347942135889375,0.3137954745496426,172.40900474034748,155.4430835585032,508.0,18.0,47327.67444305798,30748.18712043323,0.6856187601847374,1.0526315789473684,0.9256705846099288,1.0,1.1682850224568164,78774.965476903,58186.92172491229,1780.9938628430064,1574.756188384824
72,1268,5.670892044966688,195701.94932886056,0,-6.895195283798058,0.7365999999999999,0.12586293410944552,0.3110248521297633,169.6939023034916,151.65432427469256,500.0,18.0,48084.9172341469,31022.09326016181,0.6897780788730224,1.0526315789473684,0.9228234636957594,1.0,1.1455366761698422,81121.44265318729,43392.305627818336,1803.7543409380582,1668.9828058335772
72,1227,5.670892044966688,198730.72047169774,0,-6.887437701824268,0.7365999999999999,0.12393026944891149,0.31372970754231144,169.6939023034916,151.66483904629163,500.0,18.0,48084.9172341469,30754.63284807442,0.6910698412493155,1.0526315789473684,0.9228234636957594,1.0,1.1491737590844093,81121.44265318729,40363.53448498114,1803.7543409380582,1668.6509510973594
72,1412,5.670892044966688,198734.16640617634,0,-6.886832500638709,0.7365999999999999,0.12393026944891149,0.3137469759264831,169.6939023034916,151.6656594086019,500.0,18.0,48084.9172341469,30752.940137527934,0.6910821379789978,1.0526315789473684,0.9228234636957594,1.0,1.1491737590844093,81121.44265318729,40360.08855050254,1803.7543409380582,1668.625065345908
72,1247,5.670892044966688,199328.8670334159,0,-4.284733023017546,0.7365999999999999,0.11347942135889375,0.37010445089554245,172.40900474034748,157.76129013741993,508.0,15.0,47327.67444305798,26070.05115893828,0.721598754735228,1.0625,0.9256705846099288,1.0,1.1682850224568164,78774.965476903,40134.01318383458,1780.9938628430064,1512.1951273144496
72,1370,5.670892044966688,199328.8670334159,0,-4.284733023017546,0.7365999999999999,0.11347942135889375,0.37010445089554245,172.40900474034748,157.76129013741993,508.0,15.0,47327.67444305798,26070.05115893828,0.721598754735228,1.0625,0.9256705846099288,1.0,1.1682850224568164,78774.965476903,40134.01318383458,1780.9938628430064,1512.1951273144496
72,1420,5.670892044966688,200143.57680940063,0,-4.141054598823576,0.7365999999999999,0.12586293410944552,0.3614900307952496,172.40900474034748,157.9689745294122,508.0,15.0,47327.67444305798,26691.308603369507,0.7204737262038114,1.0625,0.928689987854111,1.0,1.1455366761698422,78774.965476903,39319.30340784986,1780.9938628430064,1506.8321324574422
72,1198,5.670892044966688,200282.5638616708,0,-4.342328958009679,0.7365999999999999,0.11585016310239386,0.3691697308686173,172.40900474034748,157.67818957519833,508.0,15.0,47327.67444305798,26136.059276299056,0.721790546230173,1.0625,0.928689987854111,1.0,1.164034451725748,78774.965476903,39180.31635557968,1780.9938628430064,1514.3517261544291
72,1175,5.670892044966688,200700.62818808272,0,-4.229771794560696,0.7365999999999999,0.11713759503642024,0.37069659817132594,172.40900474034748,157.84067100736442,508.0,15.0,47327.67444305798,26028.407103261874,0.7230511316010683,1.0625,0.928689987854111,1.0,1.1617049207507089,78774.965476903,38762.252029167765,1780.9938628430064,1510.1407891209544
72,1176,5.670892044966688,201448.65849399872,0,-3.8687156640649043,0.7365999999999999,0.12583103776659207,0.3691697308686173,172.40900474034748,158.36413949471785,508.0,15.0,47327.67444305798,26136.059276299056,0.7248739964422487,1.0625,0.928689987854111,1.0,1.1455969532993582,78774.965476903,38014.221723251765,1780.9938628430064,1496.732205705944
72,1340,5.670892044966688,201455.82900368166,0,-4.343119184369106,0.7365999999999999,0.11216290702147853,0.37010445089554245,172.40900474034748,157.67705002967742,508.0,15.0,47327.67444305798,26070.05115893828,0.7211985979446703,1.0625,0.9256705846099288,1.0,1.1706231982345168,78774.965476903,38007.05121356883,1780.9938628430064,1514.3813420247386
72,1022,5.670892044966688,201558.77816959028,0,-3.8559147906193,0.7365999999999999,0.12541636381774443,0.3701053774802628,172.40900474034748,158.38276227063125,508.0,15.0,47327.67444305798,26069.985890740274,0.7252730151736587,1.0625,0.928689987854111,1.0,1.14637983201593,78774.965476903,37904.102047660184,1780.9938628430064,1496.25957027385
72,1132,5.670892044966688,201558.77816959028,0,-3.8559147906193,0.7365999999999999,0.12541636381774443,0.3701053774802628,172.40900474034748,158.38276227063125,508.0,15.0,47327.67444305798,26069.985890740274,0.7252730151736587,1.0625,0.928689987854111,1.0,1.14637983201593,78774.965476903,37904.102047660184,1780.9938628430064,1496.25957027385
72,1313,5.670892044966688,201603.56577370333,0,-3.835285849430342,0.7365999999999999,0.1258327375946118,0.37010729670932857,172.40900474034748,158.41278257758157,508.0,15.0,47327.67444305798,26069.85070217439,0.7254037308349002,1.0625,0.928689987854111,1.0,1.1455937412069126,78774.965476903,37859.31444354714,1780.9938628430064,1495.4983001127737
72,1237,5.670892044966688,201910.2774467325,0,-3.782501782222072,0.7365999999999999,0.12529998706400508,0.3723346182234899,172.40900474034748,158.4896485332751,508.0,15.0,47327.67444305798,25913.899747044357,0.7264876763780099,1.0625,0.928689987854111,1.0,1.1465992885374119,78774.965476903,37552.60277051796,1780.9938628430064,1493.5526206394914
73,1346,5.670892044966688,185764.8739114395,0,-5.587860954992857,0.7365999999999999,0.12393026944891149,0.31372970754231144,172.40900474034748,155.90228733198362,508.0,18.0,47327.67444305798,30754.63284807442,0.6890190662730296,1.0526315789473684,0.928689987854111,1.0,1.1491737590844093,78774.965476903,55239.15369418904,1780.9938628430064,1561.9559409404105
73,1438,5.670892044966688,186391.10063413432,0,-5.647239798778605,0.7365999999999999,0.12472000034552025,0.31112083442137,172.40900474034748,155.81862236589714,508.0,18.0,47327.67444305798,31012.522793410248,0.6874099767940576,1.0526315789473684,0.928689987854111,1.0,1.1476913183035609,78774.965476903,55865.38041688384,1780.9938628430064,1564.2725655271672
73,1144,5.670892044966688,186940.9950729807,0,-5.528226610687428,0.7365999999999999,0.12585087522807667,0.3159584343727482,172.40900474034748,155.98640277439912,508.0,17.0,47327.67444305798,30537.693947472482,0.6912419786363221,1.0555555555555556,0.928689987854111,1.0,1.14555946581135,78774.965476903,52521.88514426979,1780.9938628430064,1559.6337498665803
73,1398,5.670892044966688,186983.2637839546,0,-5.812459932173473,0.7365999999999999,0.12116090583479755,0.3110248521297633,172.40900474034748,155.58629854970846,508.0,18.0,47327.67444305798,31022.09326016181,0.6861530323297984,1.0526315789473684,0.928689987854111,1.0,1.1543307092537898,78774.965476903,56457.54356670412,1780.9938628430064,1570.7416337420739
73,1411,5.670892044966688,188456.0976495026,0,-6.299718891998928,0.7365999999999999,0.11216290702147853,0.304648157361054,172.40900474034748,154.90515740443757,508.0,18.0,47327.67444305798,31671.427303472763,0.6784844486412077,1.0526315789473684,0.9256705846099288,1.0,1.1706231982345168,78774.965476903,57930.37743225212,1780.9938628430064,1590.0202266811023
73,1450,5.670892044966688,188576.65167363407,0,-5.478186709830869,0.7365999999999999,0.13003743185016015,0.3156674364988669,172.40900474034748,156.05705512996596,508.0,17.0,47327.67444305798,30565.845105889428,0.6924390629402952,1.0555555555555556,0.9319004488322129,1.0,1.1375762209913147,78774.965476903,50886.22854361641,1780.9938628430064,1557.6885657420883
73,1400,5.670892044966688,188712.64194216277,0,-5.914555214326361,0.7365999999999999,0.11347942135889375,0.3137954745496426,172.40900474034748,155.4430835585032,508.0,18.0,47327.67444305798,30748.18712043323,0.6856187601847374,1.0526315789473684,0.9256705846099288,1.0,1.1682850224568164,78774.965476903,58186.92172491229,1780.9938628430064,1574.756188384824
73,1268,5.670892044966688,195701.94932886056,0,-6.895195283798058,0.7365999999999999,0.12586293410944552,0.3110248521297633,169.6939023034916,151.65432427469256,500.0,18.0,48084.9172341469,31022.09326016181,0.6897780788730224,1.0526315789473684,0.9228234636957594,1.0,1.1455366761698422,81121.44265318729,43392.305627818336,1803.7543409380582,1668.9828058335772
73,1227,5.670892044966688,198730.72047169774,0,-6.887437701824268,0.7365999999999999,0.12393026944891149,0.31372970754231144,169.6939023034916,151.66483904629163,500.0,18.0,48084.9172341469,30754.63284807442,0.6910698412493155,1.0526315789473684,0.9228234636957594,1.0,1.1491737590844093,81121.44265318729,40363.53448498114,1803.7543409380582,1668.6509510973594
73,1412,5.670892044966688,198734.16640617634,0,-6.886832500638709,0.7365999999999999,0.12393026944891149,0.3137469759264831,169.6939023034916,151.6656594086019,500.0,18.0,48084.9172341469,30752.940137527934,0.6910821379789978,1.0526315789473684,0.9228234636957594,1.0,1.1491737590844093,81121.44265318729,40360.08855050254,1803.7543409380582,1668.625065345908
73,1247,5.670892044966688,199328.8670334159,0,-4.284733023017546,0.7365999999999999,0.11347942135889375,0.37010445089554245,172.40900474034748,157.76129013741993,508.0,15.0,47327.67444305798,26070.05115893828,0.721598754735228,1.0625,0.9256705846099288,1.0,1.1682850224568164,78774.965476903,40134.01318383458,1780.9938628430064,1512.1951273144496
73,1370,5.670892044966688,199328.8670334159,0,-4.284733023017546,0.7365999999999999,0.11347942135889375,0.37010445089554245,172.40900474034748,157.76129013741993,508.0,15.0,47327.67444305798,26070.05115893828,0.721598754735228,1.0625,0.9256705846099288,1.0,1.1682850224568164,78774.965476903,40134.01318383458,1780.9938628430064,1512.1951273144496
73,1420,5.670892044966688,200143.57680940063,0,-4.141054598823576,0.7365999999999999,0.12586293410944552,0.3614900307952496,172.40900474034748,157.9689745294122,508.0,15.0,47327.67444305798,26691.308603369507,0.7204737262038114,1.0625,0.928689987854111,1.0,1.1455366761698422,78774.965476903,39319.30340784986,1780.9938628430064,1506.8321324574422
73,1198,5.670892044966688,200282.5638616708,0,-4.342328958009679,0.7365999999999999,0.11585016310239386,0.3691697308686173,172.40900474034748,157.67818957519833,508.0,15.0,47327.67444305798,26136.059276299056,0.721790546230173,1.0625,0.928689987854111,1.0,1.164034451725748,78774.965476903,39180.31635557968,1780.9938628430064,1514.3517261544291
73,1175,5.670892044966688,200700.62818808272,0,-4.229771794560696,0.7365999999999999,0.11713759503642024,0.37069659817132594,172.40900474034748,157.84067100736442,508.0,15.0,47327.67444305798,26028.407103261874,0.7230511316010683,1.0625,0.928689987854111,1.0,1.1617049207507089,78774.965476903,38762.252029167765,1780.9938628430064,1510.1407891209544
73,1176,5.670892044966688,201448.65849399872,0,-3.8687156640649043,0.7365999999999999,0.12583103776659207,0.3691697308686173,172.40900474034748,158.36413949471785,508.0,15.0,47327.67444305798,26136.059276299056,0.7248739964422487,1.0625,0.928689987854111,1.0,1.1455969532993582,78774.965476903,38014.221723251765,1780.9938628430064,1496.732205705944
73,1340,5.670892044966688,201455.82900368166,0,-4.343119184369106,0.7365999999999999,0.11216290702147853,0.37010445089554245,172.40900474034748,157.67705002967742,508.0,15.0,47327.67444305798,26070.05115893828,0.7211985979446703,1.0625,0.9256705846099288,1.0,1.1706231982345168,78774.965476903,38007.05121356883,1780.9938628430064,1514.3813420247386
73,1022,5.670892044966688,201558.77816959028,0,-3.8559147906193,0.7365999999999999,0.12541636381774443,0.3701053774802628,172.40900474034748,158.38276227063125,508.0,15.0,47327.67444305798,26069.985890740274,0.7252730151736587,1.0625,0.928689987854111,1.0,1.14637983201593,78774.965476903,37904.102047660184,1780.9938628430064,1496.25957027385
73,1132,5.670892044966688,201558.77816959028,0,-3.8559147906193,0.7365999999999999,0.12541636381774443,0.3701053774802628,172.40900474034748,158.38276227063125,508.0,15.0,47327.67444305798,26069.985890740274,0.7252730151736587,1.0625,0.928689987854111,1.0,1.14637983201593,78774.965476903,37904.102047660184,1780.9938628430064,1496.25957027385
73,1313,5.670892044966688,201603.56577370333,0,-3.835285849430342,0.7365999999999999,0.1258327375946118,0.37010729670932857,172.40900474034748,158.41278257758157,508.0,15.0,47327.67444305798,26069.85070217439,0.7254037308349002,1.0625,0.928689987854111,1.0,1.1455937412069126,78774.965476903,37859.31444354714,1780.9938628430064,1495.4983001127737
74,1346,5.670892044966688,185764.8739114395,0,-5.587860954992857,0.7365999999999999,0.12393026944891149,0.31372970754231144,172.40900474034748,155.90228733198362,508.0,18.0,47327.67444305798,30754.63284807442,0.6890190662730296,1.0526315789473684,0.928689987854111,1.0,1.1491737590844093,78774.965476903,55239.15369418904,1780.9938628430064,1561.9559409404105
74,1438,5.670892044966688,186391.10063413432,0,-5.647239798778605,0.7365999999999999,0.12472000034552025,0.31112083442137,172.40900474034748,155.81862236589714,508.0,18.0,47327.67444305798,31012.522793410248,0.6874099767940576,1.0526315789473684,0.928689987854111,1.0,1.1476913183035609,78774.965476903,55865.38041688384,1780.9938628430064,1564.2725655271672
74,1144,5.670892044966688,186940.9950729807,0,-5.528226610687428,0.7365999999999999,0.12585087522807667,0.3159584343727482,172.40900474034748,155.98640277439912,508.0,17.0,47327.67444305798,30537.693947472482,0.6912419786363221,1.0555555555555556,0.928689987854111,1.0,1.14555946581135,78774.965476903,52521.88514426979,1780.9938628430064,1559.6337498665803
74,1398,5.670892044966688,186983.2637839546,0,-5.812459932173473,0.7365999999999999,0.12116090583479755,0.3110248521297633,172.40900474034748,155.58629854970846,508.0,18.0,47327.67444305798,31022.09326016181,0.6861530323297984,1.0526315789473684,0.928689987854111,1.0,1.1543307092537898,78774.965476903,56457.54356670412,1780.9938628430064,1570.7416337420739
74,1463,5.670892044966688,188421.37556369515,0,-6.291351678672413,0.7365999999999999,0.11236709763317282,0.304648157361054,172.40900474034748,154.9168036328087,508.0,18.0,47327.67444305798,31671.427303472763,0.6785516956710489,1.0526315789473684,0.9256705846099288,1.0,1.1702616001310606,78774.965476903,57895.65534644466,1780.9938628430064,1589.6866234219926
74,1411,5.670892044966688,188456.0976495026,0,-6.299718891998928,0.7365999999999999,0.11216290702147853,0.304648157361054,172.40900474034748,154.90515740443757,508.0,18.0,47327.67444305798,31671.427303472763,0.6784844486412077,1.0526315789473684,0.9256705846099288,1.0,1.1706231982345168,78774.965476903,57930.37743225212,1780.9938628430064,1590.0202266811023
74,1450,5.670892044966688,188576.65167363407,0,-5.478186709830869,0.7365999999999999,0.13003743185016015,0.3156674364988669,172.40900474034748,156.05705512996596,508.0,17.0,47327.67444305798,30565.845105889428,0.6924390629402952,1.0555555555555556,0.9319004488322129,1.0,1.1375762209913147,78774.965476903,50886.22854361641,1780.9938628430064,1557.6885657420883
74,1400,5.670892044966688,188712.64194216277,0,-5.914555214326361,0.7365999999999999,0.11347942135889375,0.3137954745496426,172.40900474034748,155.4430835585032,508.0,18.0,47327.67444305798,30748.18712043323,0.6856187601847374,1.0526315789473684,0.9256705846099288,1.0,1.1682850224568164,78774.965476903,58186.92172491229,1780.9938628430064,1574.756188384824
74,1268,5.670892044966688,195701.94932886056,0,-6.895195283798058,0.7365999999999999,0.12586293410944552,0.3110248521297633,169.6939023034916,151.65432427469256,500.0,18.0,48084.9172341469,31022.09326016181,0.6897780788730224,1.0526315789473684,0.9228234636957594,1.0,1.1455366761698422,81121.44265318729,43392.305627818336,1803.7543409380582,1668.9828058335772
74,1227,5.670892044966688,198730.72047169774,0,-6.887437701824268,0.7365999999999999,0.12393026944891149,0.31372970754231144,169.6939023034916,151.66483904629163,500.0,18.0,48084.9172341469,30754.63284807442,0.6910698412493155,1.0526315789473684,0.9228234636957594,1.0,1.1491737590844093,81121.44265318729,40363.53448498114,1803.7543409380582,1668.6509510973594
74,1412,5.670892044966688,198734.16640617634,0,-6.886832500638709,0.7365999999999999,0.12393026944891149,0.3137469759264831,169.6939023034916,151.6656594086019,500.0,18.0,48084.9172341469,30752.940137527934,0.6910821379789978,1.0526315789473684,0.9228234636957594,1.0,1.1491737590844093,81121.44265318729,40360.08855050254,1803.7543409380582,1668.625065345908
74,1247,5.670892044966688,199328.8670334159,0,-4.284733023017546,0.7365999999999999,0.11347942135889375,0.37010445089554245,172.40900474034748,157.76129013741993,508.0,15.0,47327.67444305798,26070.05115893828,0.721598754735228,1.0625,0.9256705846099288,1.0,1.1682850224568164,78774.965476903,40134.01318383458,1780.9938628430064,1512.1951273144496
74,1370,5.670892044966688,199328.8670334159,0,-4.284733023017546,0.7365999999999999,0.11347942135889375,0.37010445089554245,172.40900474034748,157.76129013741993,508.0,15.0,47327.67444305798,26070.05115893828,0.721598754735228,1.0625,0.9256705846099288,1.0,1.1682850224568164,78774.965476903,40134.01318383458,1780.9938628430064,1512.1951273144496
74,1420,5.670892044966688,200143.57680940063,0,-4.141054598823576,0.7365999999999999,0.12586293410944552,0.3614900307952496,172.40900474034748,157.9689745294122,508.0,15.0,47327.67444305798,26691.308603369507,0.7204737262038114,1.0625,0.928689987854111,1.0,1.1455366761698422,78774.965476903,39319.30340784986,1780.9938628430064,1506.8321324574422
74,1198,5.670892044966688,200282.5638616708,0,-4.342328958009679,0.7365999999999999,0.11585016310239386,0.3691697308686173,172.40900474034748,157.67818957519833,508.0,15.0,47327.67444305798,26136.059276299056,0.721790546230173,1.0625,0.928689987854111,1.0,1.164034451725748,78774.965476903,39180.31635557968,1780.9938628430064,1514.3517261544291
74,1175,5.670892044966688,200700.62818808272,0,-4.229771794560696,0.7365999999999999,0.11713759503642024,0.37069659817132594,172.40900474034748,157.84067100736442,508.0,15.0,47327.67444305798,26028.407103261874,0.7230511316010683,1.0625,0.928689987854111,1.0,1.1617049207507089,78774.965476903,38762.252029167765,1780.9938628430064,1510.1407891209544
74,1176,5.670892044966688,201448.65849399872,0,-3.8687156640649043,0.7365999999999999,0.12583103776659207,0.3691697308686173,172.40900474034748,158.36413949471785,508.0,15.0,47327.67444305798,26136.059276299056,0.7248739964422487,1.0625,0.928689987854111,1.0,1.1455969532993582,78774.965476903,38014.221723251765,1780.9938628430064,1496.732205705944
74,1340,5.670892044966688,201455.82900368166,0,-4.343119184369106,0.7365999999999999,0.11216290702147853,0.37010445089554245,172.40900474034748,157.67705002967742,508.0,15.0,47327.67444305798,26070.05115893828,0.7211985979446703,1.0625,0.9256705846099288,1.0,1.1706231982345168,78774.965476903,38007.05121356883,1780.9938628430064,1514.3813420247386
74,1022,5.670892044966688,201558.77816959028,0,-3.8559147906193,0.7365999999999999,0.12541636381774443,0.3701053774802628,172.40900474034748,158.38276227063125,508.0,15.0,47327.67444305798,26069.985890740274,0.7252730151736587,1.0625,0.928689987854111,1.0,1.14637983201593,78774.965476903,37904.102047660184,1780.9938628430064,1496.25957027385
74,1132,5.670892044966688,201558.77816959028,0,-3.8559147906193,0.7365999999999999,0.12541636381774443,0.3701053774802628,172.40900474034748,158.38276227063125,508.0,15.0,47327.67444305798,26069.985890740274,0.7252730151736587,1.0625,0.928689987854111,1.0,1.14637983201593,78774.965476903,37904.102047660184,1780.9938628430064,1496.25957027385
75,1483,5.670892044966688,185708.927730727,0,-5.9594794132801905,0.7365999999999999,0.1124030107507356,0.31379552732025423,172.40900474034748,155.38014926889852,508.0,18.0,47327.67444305798,30748.18194954805,0.6852676869443435,1.0526315789473684,0.9256705846099288,1.0,1.1701979620724379,78774.965476903,55183.20751347652,1780.9938628430064,1576.5268388610482
75,1346,5.670892044966688,185764.8739114395,0,-5.587860954992857,0.7365999999999999,0.12393026944891149,0.31372970754231144,172.40900474034748,155.90228733198362,508.0,18.0,47327.67444305798,30754.63284807442,0.6890190662730296,1.0526315789473684,0.928689987854111,1.0,1.1491737590844093,78774.965476903,55239.15369418904,1780.9938628430064,1561.9559409404105
75,1438,5.670892044966688,186391.10063413432,0,-5.647239798778605,0.7365999999999999,0.12472000034552025,0.31112083442137,172.40900474034748,155.81862236589714,508.0,18.0,47327.67444305798,31012.522793410248,0.6874099767940576,1.0526315789473684,0.928689987854111,1.0,1.1476913183035609,78774.965476903,55865.38041688384,1780.9938628430064,1564.2725655271672
75,1144,5.670892044966688,186940.9950729807,0,-5.528226610687428,0.7365999999999999,0.12585087522807667,0.3159584343727482,172.40900474034748,155.98640277439912,508.0,17.0,47327.67444305798,30537.693947472482,0.6912419786363221,1.0555555555555556,0.928689987854111,1.0,1.14555946581135,78774.965476903,52521.88514426979,1780.9938628430064,1559.6337498665803
75,1398,5.670892044966688,186983.2637839546,0,-5.812459932173473,0.7365999999999999,0.12116090583479755,0.3110248521297633,172.40900474034748,155.58629854970846,508.0,18.0,47327.67444305798,31022.09326016181,0.6861530323297984,1.0526315789473684,0.928689987854111,1.0,1.1543307092537898,78774.965476903,56457.54356670412,1780.9938628430064,1570.7416337420739
75,1463,5.670892044966688,188421.37556369515,0,-6.291351678672413,0.7365999999999999,0.11236709763317282,0.304648157361054,172.40900474034748,154.9168036328087,508.0,18.0,47327.67444305798,31671.427303472763,0.6785516956710489,1.0526315789473684,0.9256705846099288,1.0,1.1702616001310606,78774.965476903,57895.65534644466,1780.9938628430064,1589.6866234219926
75,1411,5.670892044966688,188456.0976495026,0,-6.299718891998928,0.7365999999999999,0.11216290702147853,0.304648157361054,172.40900474034748,154.90515740443757,508.0,18.0,47327.67444305798,31671.427303472763,0.6784844486412077,1.0526315789473684,0.9256705846099288,1.0,1.1706231982345168,78774.965476903,57930.37743225212,1780.9938628430064,1590.0202266811023
75,1450,5.670892044966688,188576.65167363407,0,-5.478186709830869,0.7365999999999999,0.13003743185016015,0.3156674364988669,172.40900474034748,156.05705512996596,508.0,17.0,47327.67444305798,30565.845105889428,0.6924390629402952,1.0555555555555556,0.9319004488322129,1.0,1.1375762209913147,78774.965476903,50886.22854361641,1780.9938628430064,1557.6885657420883
75,1400,5.670892044966688,188712.64194216277,0,-5.914555214326361,0.7365999999999999,0.11347942135889375,0.3137954745496426,172.40900474034748,155.4430835585032,508.0,18.0,47327.67444305798,30748.18712043323,0.6856187601847374,1.0526315789473684,0.9256705846099288,1.0,1.1682850224568164,78774.965476903,58186.92172491229,1780.9938628430064,1574.756188384824
75,1268,5.670892044966688,195701.94932886056,0,-6.895195283798058,0.7365999999999999,0.12586293410944552,0.3110248521297633,169.6939023034916,151.65432427469256,500.0,18.0,48084.9172341469,31022.09326016181,0.6897780788730224,1.0526315789473684,0.9228234636957594,1.0,1.1455366761698422,81121.44265318729,43392.305627818336,1803.7543409380582,1668.9828058335772
75,1227,5.670892044966688,198730.72047169774,0,-6.887437701824268,0.7365999999999999,0.12393026944891149,0.31372970754231144,169.6939023034916,151.66483904629163,500.0,18.0,48084.9172341469,30754.63284807442,0.6910698412493155,1.0526315789473684,0.9228234636957594,1.0,1.1491737590844093,81121.44265318729,40363.53448498114,1803.7543409380582,1668.6509510973594
75,1412,5.670892044966688,198734.16640617634,0,-6.886832500638709,0.7365999999999999,0.12393026944891149,0.3137469759264831,169.6939023034916,151.6656594086019,500.0,18.0,48084.9172341469,30752.940137527934,0.6910821379789978,1.0526315789473684,0.9228234636957594,1.0,1.1491737590844093,81121.44265318729,40360.08855050254,1803.7543409380582,1668.625065345908
75,1247,5.670892044966688,199328.8670334159,0,-4.284733023017546,0.7365999999999999,0.11347942135889375,0.37010445089554245,172.40900474034748,157.76129013741993,508.0,15.0,47327.67444305798,26070.05115893828,0.721598754735228,1.0625,0.9256705846099288,1.0,1.1682850224568164,78774.965476903,40134.01318383458,1780.9938628430064,1512.1951273144496
75,1370,5.670892044966688,199328.8670334159,0,-4.284733023017546,0.7365999999999999,0.11347942135889375,0.37010445089554245,172.40900474034748,157.76129013741993,508.0,15.0,47327.67444305798,26070.05115893828,0.721598754735228,1.0625,0.9256705846099288,1.0,1.1682850224568164,78774.965476903,40134.01318383458,1780.9938628430064,1512.1951273144496
75,1420,5.670892044966688,200143.57680940063,0,-4.141054598823576,0.7365999999999999,0.12586293410944552,0.3614900307952496,172.40900474034748,157.9689745294122,508.0,15.0,47327.67444305798,26691.308603369507,0.7204737262038114,1.0625,0.928689987854111,1.0,1.1455366761698422,78774.965476903,39319.30340784986,1780.9938628430064,1506.8321324574422
75,1198,5.670892044966688,200282.5638616708,0,-4.342328958009679,0.7365999999999999,0.11585016310239386,0.3691697308686173,172.40900474034748,157.67818957519833,508.0,15.0,47327.67444305798,26136.059276299056,0.721790546230173,1.0625,0.928689987854111,1.0,1.164034451725748,78774.965476903,39180.31635557968,1780.9938628430064,1514.3517261544291
75,1175,5.670892044966688,200700.62818808272,0,-4.229771794560696,0.7365999999999999,0.11713759503642024,0.37069659817132594,172.40900474034748,157.84067100736442,508.0,15.0,47327.67444305798,26028.407103261874,0.7230511316010683,1.0625,0.928689987854111,1.0,1.1617049207507089,78774.965476903,38762.252029167765,1780.9938628430064,1510.1407891209544
75,1176,5.670892044966688,201448.65849399872,0,-3.8687156640649043,0.7365999999999999,0.12583103776659207,0.3691697308686173,172.40900474034748,158.36413949471785,508.0,15.0,47327.67444305798,26136.059276299056,0.7248739964422487,1.0625,0.928689987854111,1.0,1.1455969532993582,78774.965476903,38014.221723251765,1780.9938628430064,1496.732205705944
75,1340,5.670892044966688,201455.82900368166,0,-4.343119184369106,0.7365999999999999,0.11216290702147853,0.37010445089554245,172.40900474034748,157.67705002967742,508.0,15.0,47327.67444305798,26070.05115893828,0.7211985979446703,1.0625,0.9256705846099288,1.0,1.1706231982345168,78774.965476903,38007.05121356883,1780.9938628430064,1514.3813420247386
75,1022,5.670892044966688,201558.77816959028,0,-3.8559147906193,0.7365999999999999,0.12541636381774443,0.3701053774802628,172.40900474034748,158.38276227063125,508.0,15.0,47327.67444305798,26069.985890740274,0.7252730151736587,1.0625,0.928689987854111,1.0,1.14637983201593,78774.965476903,37904.102047660184,1780.9938628430064,1496.25957027385
76,1483,5.670892044966688,185708.927730727,0,-5.9594794132801905,0.7365999999999999,0.1124030107507356,0.31379552732025423,172.40900474034748,155.38014926889852,508.0,18.0,47327.67444305798,30748.18194954805,0.6852676869443435,1.0526315789473684,0.9256705846099288,1.0,1.1701979620724379,78774.965476903,55183.20751347652,1780.9938628430064,1576.5268388610482
76,1515,5.670892044966688,185750.0380657533,0,-5.578403798225192,0.7365999999999999,0.12421918811397212,0.3136250453831545,172.40900474034748,155.9156207887988,508.0,18.0,47327.67444305798,30764.89620658275,0.6890406446681847,1.0526315789473684,0.928689987854111,1.0,1.148632021012315,78774.965476903,55224.31784850281,1780.9938628430064,1561.5873805640992
76,1346,5.670892044966688,185764.8739114395,0,-5.587860954992857,0.7365999999999999,0.12393026944891149,0.31372970754231144,172.40900474034748,155.90228733198362,508.0,18.0,47327.67444305798,30754.63284807442,0.6890190662730296,1.0526315789473684,0.928689987854111,1.0,1.1491737590844093,78774.965476903,55239.15369418904,1780.9938628430064,1561.9559409404105
76,1438,5.670892044966688,186391.10063413432,0,-5.647239798778605,0.7365999999999999,0.12472000034552025,0.31112083442137,172.40900474034748,155.81862236589714,508.0,18.0,47327.67444305798,31012.522793410248,0.6874099767940576,1.0526315789473684,0.928689987854111,1.0,1.1476913183035609,78774.965476903,55865.38041688384,1780.9938628430064,1564.2725655271672
76,1144,5.670892044966688,186940.9950729807,0,-5.528226610687428,0.7365999999999999,0.12585087522807667,0.3159584343727482,172.40900474034748,155.98640277439912,508.0,17.0,47327.67444305798,30537.693947472482,0.6912419786363221,1.0555555555555556,0.928689987854111,1.0,1.14555946581135,78774.965476903,52521.88514426979,1780.9938628430064,1559.6337498665803
76,1398,5.670892044966688,186983.2637839546,0,-5.812459932173473,0.7365999999999999,0.12116090583479755,0.3110248521297633,172.40900474034748,155.58629854970846,508.0,18.0,47327.67444305798,31022.09326016181,0.6861530323297984,1.0526315789473684,0.928689987854111,1.0,1.1543307092537898,78774.965476903,56457.54356670412,1780.9938628430064,1570.7416337420739
76,1463,5.670892044966688,188421.37556369515,0,-6.291351678672413,0.7365999999999999,0.11236709763317282,0.304648157361054,172.40900474034748,154.9168036328087,508.0,18.0,47327.67444305798,31671.427303472763,0.6785516956710489,1.0526315789473684,0.9256705846099288,1.0,1.1702616001310606,78774.965476903,57895.65534644466,1780.9938628430064,1589.6866234219926
76,1411,5.670892044966688,188456.0976495026,0,-6.299718891998928,0.7365999999999999,0.11216290702147853,0.304648157361054,172.40900474034748,154.90515740443757,508.0,18.0,47327.67444305798,31671.427303472763,0.6784844486412077,1.0526315789473684,0.9256705846099288,1.0,1.1706231982345168,78774.965476903,57930.37743225212,1780.9938628430064,1590.0202266811023
76,1450,5.670892044966688,188576.65167363407,0,-5.478186709830869,0.7365999999999999,0.13003743185016015,0.3156674364988669,172.40900474034748,156.05705512996596,508.0,17.0,47327.67444305798,30565.845105889428,0.6924390629402952,1.0555555555555556,0.9319004488322129,1.0,1.1375762209913147,78774.965476903,50886.22854361641,1780.9938628430064,1557.6885657420883
76,1400,5.670892044966688,188712.64194216277,0,-5.914555214326361,0.7365999999999999,0.11347942135889375,0.3137954745496426,172.40900474034748,155.4430835585032,508.0,18.0,47327.67444305798,30748.18712043323,0.6856187601847374,1.0526315789473684,0.9256705846099288,1.0,1.1682850224568164,78774.965476903,58186.92172491229,1780.9938628430064,1574.756188384824
76,1268,5.670892044966688,195701.94932886056,0,-6.895195283798058,0.7365999999999999,0.12586293410944552,0.3110248521297633,169.6939023034916,151.65432427469256,500.0,18.0,48084.9172341469,31022.09326016181,0.6897780788730224,1.0526315789473684,0.9228234636957594,1.0,1.1455366761698422,81121.44265318729,43392.305627818336,1803.7543409380582,1668.9828058335772
76,1227,5.670892044966688,198730.72047169774,0,-6.887437701824268,0.7365999999999999,0.12393026944891149,0.31372970754231144,169.6939023034916,151.66483904629163,500.0,18.0,48084.9172341469,30754.63284807442,0.6910698412493155,1.0526315789473684,0.9228234636957594,1.0,1.1491737590844093,81121.44265318729,40363.53448498114,1803.7543409380582,1668.6509510973594
76,1412,5.670892044966688,198734.16640617634,0,-6.886832500638709,0.7365999999999999,0.12393026944891149,0.3137469759264831,169.6939023034916,151.6656594086019,500.0,18.0,48084.9172341469,30752.940137527934,0.6910821379789978,1.0526315789473684,0.9228234636957594,1.0,1.1491737590844093,81121.44265318729,40360.08855050254,1803.7543409380582,1668.625065345908
76,1247,5.670892044966688,199328.8670334159,0,-4.284733023017546,0.7365999999999999,0.11347942135889375,0.37010445089554245,172.40900474034748,157.76129013741993,508.0,15.0,47327.67444305798,26070.05115893828,0.721598754735228,1.0625,0.9256705846099288,1.0,1.1682850224568164,78774.965476903,40134.01318383458,1780.9938628430064,1512.1951273144496
76,1370,5.670892044966688,199328.8670334159,0,-4.284733023017546,0.7365999999999999,0.11347942135889375,0.37010445089554245,172.40900474034748,157.76129013741993,508.0,15.0,47327.67444305798,26070.05115893828,0.721598754735228,1.0625,0.9256705846099288,1.0,1.1682850224568164,78774.965476903,40134.01318383458,1780.9938628430064,1512.1951273144496
76,1420,5.670892044966688,200143.57680940063,0,-4.141054598823576,0.7365999999999999,0.12586293410944552,0.3614900307952496,172.40900474034748,157.9689745294122,508.0,15.0,47327.67444305798,26691.308603369507,0.7204737262038114,1.0625,0.928689987854111,1.0,1.1455366761698422,78774.965476903,39319.30340784986,1780.9938628430064,1506.8321324574422
76,1198,5.670892044966688,200282.5638616708,0,-4.342328958009679,0.7365999999999999,0.11585016310239386,0.3691697308686173,172.40900474034748,157.67818957519833,508.0,15.0,47327.67444305798,26136.059276299056,0.721790546230173,1.0625,0.928689987854111,1.0,1.164034451725748,78774.965476903,39180.31635557968,1780.9938628430064,1514.3517261544291
76,1175,5.670892044966688,200700.62818808272,0,-4.229771794560696,0.7365999999999999,0.11713759503642024,0.37069659817132594,172.40900474034748,157.84067100736442,508.0,15.0,47327.67444305798,26028.407103261874,0.7230511316010683,1.0625,0.928689987854111,1.0,1.1617049207507089,78774.965476903,38762.252029167765,1780.9938628430064,1510.1407891209544
76,1176,5.670892044966688,201448.65849399872,0,-3.8687156640649043,0.7365999999999999,0.12583103776659207,0.3691697308686173,172.40900474034748,158.36413949471785,508.0,15.0,47327.67444305798,26136.059276299056,0.7248739964422487,1.0625,0.928689987854111,1.0,1.1455969532993582,78774.965476903,38014.221723251765,1780.9938628430064,1496.732205705944
76,1340,5.670892044966688,201455.82900368166,0,-4.343119184369106,0.7365999999999999,0.11216290702147853,0.37010445089554245,172.40900474034748,157.67705002967742,508.0,15.0,47327.67444305798,26070.05115893828,0.7211985979446703,1.0625,0.9256705846099288,1.0,1.1706231982345168,78774.965476903,38007.05121356883,1780.9938628430064,1514.3813420247386
77,1483,5.670892044966688,185708.927730727,0,-5.9594794132801905,0.7365999999999999,0.1124030107507356,0.31379552732025423,172.40900474034748,155.38014926889852,508.0,18.0,47327.67444305798,30748.18194954805,0.6852676869443435,1.0526315789473684,0.9256705846099288,1.0,1.1701979620724379,78774.965476903,55183.20751347652,1780.9938628430064,1576.5268388610482
77,1515,5.670892044966688,185750.0380657533,0,-5.578403798225192,0.7365999999999999,0.12421918811397212,0.3136250453831545,172.40900474034748,155.9156207887988,508.0,18.0,47327.67444305798,30764.89620658275,0.6890406446681847,1.0526315789473684,0.928689987854111,1.0,1.148632021012315,78774.965476903,55224.31784850281,1780.9938628430064,1561.5873805640992
77,1346,5.670892044966688,185764.8739114395,0,-5.587860954992857,0.7365999999999999,0.12393026944891149,0.31372970754231144,172.40900474034748,155.90228733198362,508.0,18.0,47327.67444305798,30754.63284807442,0.6890190662730296,1.0526315789473684,0.928689987854111,1.0,1.1491737590844093,78774.965476903,55239.15369418904,1780.9938628430064,1561.9559409404105
77,1438,5.670892044966688,186391.10063413432,0,-5.647239798778605,0.7365999999999999,0.12472000034552025,0.31112083442137,172.40900474034748,155.81862236589714,508.0,18.0,47327.67444305798,31012.522793410248,0.6874099767940576,1.0526315789473684,0.928689987854111,1.0,1.1476913183035609,78774.965476903,55865.38041688384,1780.9938628430064,1564.2725655271672
77,1523,5.670892044966688,186764.875549867,0,-5.991172951887979,0.7365999999999999,0.11216290702147853,0.3162698260787952,172.40900474034748,155.33578045443548,508.0,17.0,47327.67444305798,30507.627264428622,0.686957558845597,1.0555555555555556,0.9256705846099288,1.0,1.1706231982345168,78774.965476903,52698.0046673835,1780.9938628430064,1577.7775464307401
77,1536,5.406300418366228,186826.71389708895,0,-1.7775242851701138,0.7365999999999999,0.12586293410944552,0.3110248521297633,161.77634977760425,151.50786727883772,500.0,17.0,48084.9172341469,31022.09326016181,0.6897780788730224,1.0555555555555556,0.9228234636957594,1.0,1.1455366761698422,78640.09539179315,41868.64127230845,1803.7543409380582,1673.618869183115
77,1538,5.670892044966688,186931.7710362029,0,-5.529484078906769,0.7365999999999999,0.12585087522807667,0.3159241721611633,172.40900474034748,155.98462815339394,508.0,17.0,47327.67444305798,30541.00578310755,0.6912177799266207,1.0555555555555556,0.928689987854111,1.0,1.14555946581135,78774.965476903,52531.10918104756,1780.9938628430064,1559.6826708640147
77,1144,5.670892044966688,186940.9950729807,0,-5.528226610687428,0.7365999999999999,0.12585087522807667,0.3159584343727482,172.40900474034748,155.98640277439912,508.0,17.0,47327.67444305798,30537.693947472482,0.6912419786363221,1.0555555555555556,0.928689987854111,1.0,1.14555946581135,78774.965476903,52521.88514426979,1780.9938628430064,1559.6337498665803
77,1398,5.670892044966688,186983.2637839546,0,-5.812459932173473,0.7365999999999999,0.12116090583479755,0.3110248521297633,172.40900474034748,155.58629854970846,508.0,18.0,47327.67444305798,31022.09326016181,0.6861530323297984,1.0526315789473684,0.928689987854111,1.0,1.1543307092537898,78774.965476903,56457.54356670412,1780.9938628430064,1570.7416337420739
77,1463,5.670892044966688,188421.37556369515,0,-6.291351678672413,0.7365999999999999,0.11236709763317282,0.304648157361054,172.40900474034748,154.9168036328087,508.0,18.0,47327.67444305798,31671.427303472763,0.6785516956710489,1.0526315789473684,0.9256705846099288,1.0,1.1702616001310606,78774.965476903,57895.65534644466,1780.9938628430064,1589.6866234219926
77,1411,5.670892044966688,188456.0976495026,0,-6.299718891998928,0.7365999999999999,0.11216290702147853,0.304648157361054,172.40900474034748,154.90515740443757,508.0,18.0,47327.67444305798,31671.427303472763,0.6784844486412077,1.0526315789473684,0.9256705846099288,1.0,1.1706231982345168,78774.965476903,57930.37743225212,1780.9938628430064,1590.0202266811023
77,1450,5.670892044966688,188576.65167363407,0,-5.478186709830869,0.7365999999999999,0.13003743185016015,0.3156674364988669,172.40900474034748,156.05705512996596,508.0,17.0,47327.67444305798,30565.845105889428,0.6924390629402952,1.0555555555555556,0.9319004488322129,1.0,1.1375762209913147,78774.965476903,50886.22854361641,1780.9938628430064,1557.6885657420883
77,1400,5.670892044966688,188712.64194216277,0,-5.914555214326361,0.7365999999999999,0.11347942135889375,0.3137954745496426,172.40900474034748,155.4430835585032,508.0,18.0,47327.67444305798,30748.18712043323,0.6856187601847374,1.0526315789473684,0.9256705846099288,1.0,1.1682850224568164,78774.965476903,58186.92172491229,1780.9938628430064,1574.756188384824
77,1268,5.670892044966688,195701.94932886056,0,-6.895195283798058,0.7365999999999999,0.12586293410944552,0.3110248521297633,169.6939023034916,151.65432427469256,500.0,18.0,48084.9172341469,31022.09326016181,0.6897780788730224,1.0526315789473684,0.9228234636957594,1.0,1.1455366761698422,81121.44265318729,43392.305627818336,1803.7543409380582,1668.9828058335772
77,1227,5.670892044966688,198730.72047169774,0,-6.887437701824268,0.7365999999999999,0.12393026944891149,0.31372970754231144,169.6939023034916,151.66483904629163,500.0,18.0,48084.9172341469,30754.63284807442,0.6910698412493155,1.0526315789473684,0.9228234636957594,1.0,1.1491737590844093,81121.44265318729,40363.53448498114,1803.7543409380582,1668.6509510973594
77,1412,5.670892044966688,198734.16640617634,0,-6.886832500638709,0.7365999999999999,0.12393026944891149,0.3137469759264831,169.6939023034916,151.6656594086019,500.0,18.0,48084.9172341469,30752.940137527934,0.6910821379789978,1.0526315789473684,0.9228234636957594,1.0,1.1491737590844093,81121.44265318729,40360.08855050254,1803.7543409380582,1668.625065345908
77,1247,5.670892044966688,199328.8670334159,0,-4.284733023017546,0.7365999999999999,0.11347942135889375,0.37010445089554245,172.40900474034748,157.76129013741993,508.0,15.0,47327.67444305798,26070.05115893828,0.721598754735228,1.0625,0.9256705846099288,1.0,1.1682850224568164,78774.965476903,40134.01318383458,1780.9938628430064,1512.1951273144496
77,1370,5.670892044966688,199328.8670334159,0,-4.284733023017546,0.7365999999999999,0.11347942135889375,0.37010445089554245,172.40900474034748,157.76129013741993,508.0,15.0,47327.67444305798,26070.05115893828,0.721598754735228,1.0625,0.9256705846099288,1.0,1.1682850224568164,78774.965476903,40134.01318383458,1780.9938628430064,1512.1951273144496
77,1420,5.670892044966688,200143.57680940063,0,-4.141054598823576,0.7365999999999999,0.12586293410944552,0.3614900307952496,172.40900474034748,157.9689745294122,508.0,15.0,47327.67444305798,26691.308603369507,0.7204737262038114,1.0625,0.928689987854111,1.0,1.1455366761698422,78774.965476903,39319.30340784986,1780.9938628430064,1506.8321324574422
77,1198,5.670892044966688,200282.5638616708,0,-4.342328958009679,0.7365999999999999,0.11585016310239386,0.3691697308686173,172.40900474034748,157.67818957519833,508.0,15.0,47327.67444305798,26136.059276299056,0.721790546230173,1.0625,0.928689987854111,1.0,1.164034451725748,78774.965476903,39180.31635557968,1780.9938628430064,1514.3517261544291
78,1483,5.670892044966688,185708.927730727,0,-5.9594794132801905,0.7365999999999999,0.1124030107507356,0.31379552732025423,172.40900474034748,155.38014926889852,508.0,18.0,47327.67444305798,30748.18194954805,0.6852676869443435,1.0526315789473684,0.9256705846099288,1.0,1.1701979620724379,78774.965476903,55183.20751347652,1780.9938628430064,1576.5268388610482
78,1515,5.670892044966688,185750.0380657533,0,-5.578403798225192,0.7365999999999999,0.12421918811397212,0.3136250453831545,172.40900474034748,155.9156207887988,508.0,18.0,47327.67444305798,30764.89620658275,0.6890406446681847,1.0526315789473684,0.928689987854111,1.0,1.148632021012315,78774.965476903,55224.31784850281,1780.9938628430064,1561.5873805640992
78,1346,5.670892044966688,185764.8739114395,0,-5.587860954992857,0.7365999999999999,0.12393026944891149,0.31372970754231144,172.40900474034748,155.90228733198362,508.0,18.0,47327.67444305798,30754.63284807442,0.6890190662730296,1.0526315789473684,0.928689987854111,1.0,1.1491737590844093,78774.965476903,55239.15369418904,1780.9938628430064,1561.9559409404105
78,1438,5.670892044966688,186391.10063413432,0,-5.647239798778605,0.7365999999999999,0.12472000034552025,0.31112083442137,172.40900474034748,155.81862236589714,508.0,18.0,47327.67444305798,31012.522793410248,0.6874099767940576,1.0526315789473684,0.928689987854111,1.0,1.1476913183035609,78774.965476903,55865.38041688384,1780.9938628430064,1564.2725655271672
78,1523,5.670892044966688,186764.875549867,0,-5.991172951887979,0.7365999999999999,0.11216290702147853,0.3162698260787952,172.40900474034748,155.33578045443548,508.0,17.0,47327.67444305798,30507.627264428622,0.686957558845597,1.0555555555555556,0.9256705846099288,1.0,1.1706231982345168,78774.965476903,52698.0046673835,1780.9938628430064,1577.7775464307401
78,1536,5.406300418366228,186826.71389708895,0,-1.7775242851701138,0.7365999999999999,0.12586293410944552,0.3110248521297633,161.77634977760425,151.50786727883772,500.0,17.0,48084.9172341469,31022.09326016181,0.6897780788730224,1.0555555555555556,0.9228234636957594,1.0,1.1455366761698422,78640.09539179315,41868.64127230845,1803.7543409380582,1673.618869183115
78,1538,5.670892044966688,186931.7710362029,0,-5.529484078906769,0.7365999999999999,0.12585087522807667,0.3159241721611633,172.40900474034748,155.98462815339394,508.0,17.0,47327.67444305798,30541.00578310755,0.6912177799266207,1.0555555555555556,0.928689987854111,1.0,1.14555946581135,78774.965476903,52531.10918104756,1780.9938628430064,1559.6826708640147
78,1144,5.670892044966688,186940.9950729807,0,-5.528226610687428,0.7365999999999999,0.12585087522807667,0.3159584343727482,172.40900474034748,155.98640277439912,508.0,17.0,47327.67444305798,30537.693947472482,0.6912419786363221,1.0555555555555556,0.928689987854111,1.0,1.14555946581135,78774.965476903,52521.88514426979,1780.9938628430064,1559.6337498665803
78,1398,5.670892044966688,186983.2637839546,0,-5.812459932173473,0.7365999999999999,0.12116090583479755,0.3110248521297633,172.40900474034748,155.58629854970846,508.0,18.0,47327.67444305798,31022.09326016181,0.6861530323297984,1.0526315789473684,0.928689987854111,1.0,1.1543307092537898,78774.965476903,56457.54356670412,1780.9938628430064,1570.7416337420739
78,1463,5.670892044966688,188421.37556369515,0,-6.291351678672413,0.7365999999999999,0.11236709763317282,0.304648157361054,172.40900474034748,154.9168036328087,508.0,18.0,47327.67444305798,31671.427303472763,0.6785516956710489,1.0526315789473684,0.9256705846099288,1.0,1.1702616001310606,78774.965476903,57895.65534644466,1780.9938628430064,1589.6866234219926
78,1411,5.670892044966688,188456.0976495026,0,-6.299718891998928,0.7365999999999999,0.11216290702147853,0.304648157361054,172.40900474034748,154.90515740443757,508.0,18.0,47327.67444305798,31671.427303472763,0.6784844486412077,1.0526315789473684,0.9256705846099288,1.0,1.1706231982345168,78774.965476903,57930.37743225212,1780.9938628430064,1590.0202266811023
78,1450,5.670892044966688,188576.65167363407,0,-5.478186709830869,0.7365999999999999,0.13003743185016015,0.3156674364988669,172.40900474034748,156.05705512996596,508.0,17.0,47327.67444305798,30565.845105889428,0.6924390629402952,1.0555555555555556,0.9319004488322129,1.0,1.1375762209913147,78774.965476903,50886.22854361641,1780.9938628430064,1557.6885657420883
78,1400,5.670892044966688,188712.64194216277,0,-5.914555214326361,0.7365999999999999,0.11347942135889375,0.3137954745496426,172.40900474034748,155.4430835585032,508.0,18.0,47327.67444305798,30748.18712043323,0.6856187601847374,1.0526315789473684,0.9256705846099288,1.0,1.1682850224568164,78774.965476903,58186.92172491229,1780.9938628430064,1574.756188384824
78,1550,5.690127797825086,190280.36039721523,0,-6.388597482678506,0.7365999999999999,0.11347942135889375,0.31109782098494565,172.99381873071277,155.3065777290303,508.0,18.0,47327.67444305798,31014.81694230337,0.683670635851356,1.0526315789473684,0.9256705846099288,1.0,1.1682850224568164,78950.36102308921,58994.43064341326,1780.9938628430064,1578.601822269258
78,1268,5.670892044966688,195701.94932886056,0,-6.895195283798058,0.7365999999999999,0.12586293410944552,0.3110248521297633,169.6939023034916,151.65432427469256,500.0,18.0,48084.9172341469,31022.09326016181,0.6897780788730224,1.0526315789473684,0.9228234636957594,1.0,1.1455366761698422,81121.44265318729,43392.305627818336,1803.7543409380582,1668.9828058335772
78,1227,5.670892044966688,198730.72047169774,0,-6.887437701824268,0.7365999999999999,0.12393026944891149,0.31372970754231144,169.6939023034916,151.66483904629163,500.0,18.0,48084.9172341469,30754.63284807442,0.6910698412493155,1.0526315789473684,0.9228234636957594,1.0,1.1491737590844093,81121.44265318729,40363.53448498114,1803.7543409380582,1668.6509510973594
78,1412,5.670892044966688,198734.16640617634,0,-6.886832500638709,0.7365999999999999,0.12393026944891149,0.3137469759264831,169.6939023034916,151.6656594086019,500.0,18.0,48084.9172341469,30752.940137527934,0.6910821379789978,1.0526315789473684,0.9228234636957594,1.0,1.1491737590844093,81121.44265318729,40360.08855050254,1803.7543409380582,1668.625065345908
78,1555,5.670892044966688,198743.8512109216,0,-6.885131125775764,0.7365999999999999,0.12393026944891149,0.3137955222876256,169.6939023034916,151.66796570379853,500.0,18.0,48084.9172341469,30748.182442685047,0.6911167025834605,1.0526315789473684,0.9228234636957594,1.0,1.1491737590844093,81121.44265318729,40350.403745757285,1803.7543409380582,1668.5522966998187
78,1247,5.670892044966688,199328.8670334159,0,-4.284733023017546,0.7365999999999999,0.11347942135889375,0.37010445089554245,172.40900474034748,157.76129013741993,508.0,15.0,47327.67444305798,26070.05115893828,0.721598754735228,1.0625,0.9256705846099288,1.0,1.1682850224568164,78774.965476903,40134.01318383458,1780.9938628430064,1512.1951273144496
78,1370,5.670892044966688,199328.8670334159,0,-4.284733023017546,0.7365999999999999,0.11347942135889375,0.37010445089554245,172.40900474034748,157.76129013741993,508.0,15.0,47327.67444305798,26070.05115893828,0.721598754735228,1.0625,0.9256705846099288,1.0,1.1682850224568164,78774.965476903,40134.01318383458,1780.9938628430064,1512.1951273144496
79,1483,5.670892044966688,185708.927730727,0,-5.9594794132801905,0.7365999999999999,0.1124030107507356,0.31379552732025423,172.40900474034748,155.38014926889852,508.0,18.0,47327.67444305798,30748.18194954805,0.6852676869443435,1.0526315789473684,0.9256705846099288,1.0,1.1701979620724379,78774.965476903,55183.20751347652,1780.9938628430064,1576.5268388610482
79,1515,5.670892044966688,185750.0380657533,0,-5.578403798225192,0.7365999999999999,0.12421918811397212,0.3136250453831545,172.40900474034748,155.9156207887988,508.0,18.0,47327.67444305798,30764.89620658275,0.6890406446681847,1.0526315789473684,0.928689987854111,1.0,1.148632021012315,78774.965476903,55224.31784850281,1780.9938628430064,1561.5873805640992
79,1346,5.670892044966688,185764.8739114395,0,-5.587860954992857,0.7365999999999999,0.12393026944891149,0.31372970754231144,172.40900474034748,155.90228733198362,508.0,18.0,47327.67444305798,30754.63284807442,0.6890190662730296,1.0526315789473684,0.928689987854111,1.0,1.1491737590844093,78774.965476903,55239.15369418904,1780.9938628430064,1561.9559409404105
79,1438,5.670892044966688,186391.10063413432,0,-5.647239798778605,0.7365999999999999,0.12472000034552025,0.31112083442137,172.40900474034748,155.81862236589714,508.0,18.0,47327.67444305798,31012.522793410248,0.6874099767940576,1.0526315789473684,0.928689987854111,1.0,1.1476913183035609,78774.965476903,55865.38041688384,1780.9938628430064,1564.2725655271672
79,1523,5.670892044966688,186764.875549867,0,-5.991172951887979,0.7365999999999999,0.11216290702147853,0.3162698260787952,172.40900474034748,155.33578045443548,508.0,17.0,47327.67444305798,30507.627264428622,0.686957558845597,1.0555555555555556,0.9256705846099288,1.0,1.1706231982345168,78774.965476903,52698.0046673835,1780.9938628430064,1577.7775464307401
79,1536,5.406300418366228,186826.71389708895,0,-1.7775242851701138,0.7365999999999999,0.12586293410944552,0.3110248521297633,161.77634977760425,151.50786727883772,500.0,17.0,48084.9172341469,31022.09326016181,0.6897780788730224,1.0555555555555556,0.9228234636957594,1.0,1.1455366761698422,78640.09539179315,41868.64127230845,1803.7543409380582,1673.618869183115
79,1538,5.670892044966688,186931.7710362029,0,-5.529484078906769,0.7365999999999999,0.12585087522807667,0.3159241721611633,172.40900474034748,155.98462815339394,508.0,17.0,47327.67444305798,30541.00578310755,0.6912177799266207,1.0555555555555556,0.928689987854111,1.0,1.14555946581135,78774.965476903,52531.10918104756,1780.9938628430064,1559.6826708640147
79,1144,5.670892044966688,186940.9950729807,0,-5.528226610687428,0.7365999999999999,0.12585087522807667,0.3159584343727482,172.40900474034748,155.98640277439912,508.0,17.0,47327.67444305798,30537.693947472482,0.6912419786363221,1.0555555555555556,0.928689987854111,1.0,1.14555946581135,78774.965476903,52521.88514426979,1780.9938628430064,1559.6337498665803
79,1398,5.670892044966688,186983.2637839546,0,-5.812459932173473,0.7365999999999999,0.12116090583479755,0.3110248521297633,172.40900474034748,155.58629854970846,508.0,18.0,47327.67444305798,31022.09326016181,0.6861530323297984,1.0526315789473684,0.928689987854111,1.0,1.1543307092537898,78774.965476903,56457.54356670412,1780.9938628430064,1570.7416337420739
79,1463,5.670892044966688,188421.37556369515,0,-6.291351678672413,0.7365999999999999,0.11236709763317282,0.304648157361054,172.40900474034748,154.9168036328087,508.0,18.0,47327.67444305798,31671.427303472763,0.6785516956710489,1.0526315789473684,0.9256705846099288,1.0,1.1702616001310606,78774.965476903,57895.65534644466,1780.9938628430064,1589.6866234219926
79,1411,5.670892044966688,188456.0976495026,0,-6.299718891998928,0.7365999999999999,0.11216290702147853,0.304648157361054,172.40900474034748,154.90515740443757,508.0,18.0,47327.67444305798,31671.427303472763,0.6784844486412077,1.0526315789473684,0.9256705846099288,1.0,1.1706231982345168,78774.965476903,57930.37743225212,1780.9938628430064,1590.0202266811023
79,1450,5.670892044966688,188576.65167363407,0,-5.478186709830869,0.7365999999999999,0.13003743185016015,0.3156674364988669,172.40900474034748,156.05705512996596,508.0,17.0,47327.67444305798,30565.845105889428,0.6924390629402952,1.0555555555555556,0.9319004488322129,1.0,1.1375762209913147,78774.965476903,50886.22854361641,1780.9938628430064,1557.6885657420883
79,1400,5.670892044966688,188712.64194216277,0,-5.914555214326361,0.7365999999999999,0.11347942135889375,0.3137954745496426,172.40900474034748,155.4430835585032,508.0,18.0,47327.67444305798,30748.18712043323,0.6856187601847374,1.0526315789473684,0.9256705846099288,1.0,1.1682850224568164,78774.965476903,58186.92172491229,1780.9938628430064,1574.756188384824
79,1570,5.670892044966688,189315.14592592747,0,-6.052290441177522,0.7365999999999999,0.12285999153920253,0.30240186805955366,172.40900474034748,155.25029160174734,508.0,18.0,47327.67444305798,31906.687716285516,0.6803648138013831,1.0526315789473684,0.928689987854111,1.0,1.1511744763813336,78774.965476903,58789.425708676994,1780.9938628430064,1580.1929861508966
79,1550,5.690127797825086,190280.36039721523,0,-6.388597482678506,0.7365999999999999,0.11347942135889375,0.31109782098494565,172.99381873071277,155.3065777290303,508.0,18.0,47327.67444305798,31014.81694230337,0.683670635851356,1.0526315789473684,0.9256705846099288,1.0,1.1682850224568164,78950.36102308921,58994.43064341326,1780.9938628430064,1578.601822269258
79,1268,5.670892044966688,195701.94932886056,0,-6.895195283798058,0.7365999999999999,0.12586293410944552,0.3110248521297633,169.6939023034916,151.65432427469256,500.0,18.0,48084.9172341469,31022.09326016181,0.6897780788730224,1.0526315789473684,0.9228234636957594,1.0,1.1455366761698422,81121.44265318729,43392.305627818336,1803.7543409380582,1668.9828058335772
79,1227,5.670892044966688,198730.72047169774,0,-6.887437701824268,0.7365999999999999,0.12393026944891149,0.31372970754231144,169.6939023034916,151.66483904629163,500.0,18.0,48084.9172341469,30754.63284807442,0.6910698412493155,1.0526315789473684,0.9228234636957594,1.0,1.1491737590844093,81121.44265318729,40363.53448498114,1803.7543409380582,1668.6509510973594
79,1412,5.670892044966688,198734.16640617634,0,-6.886832500638709,0.7365999999999999,0.12393026944891149,0.3137469759264831,169.6939023034916,151.6656594086019,500.0,18.0,48084.9172341469,30752.940137527934,0.6910821379789978,1.0526315789473684,0.9228234636957594,1.0,1.1491737590844093,81121.44265318729,40360.08855050254,1803.7543409380582,1668.625065345908
79,1555,5.670892044966688,198743.8512109216,0,-6.885131125775764,0.7365999999999999,0.12393026944891149,0.3137955222876256,169.6939023034916,151.66796570379853,500.0,18.0,48084.9172341469,30748.182442685047,0.6911167025834605,1.0526315789473684,0.9228234636957594,1.0,1.1491737590844093,81121.44265318729,40350.403745757285,1803.7543409380582,1668.5522966998187
79,1247,5.670892044966688,199328.8670334159,0,-4.284733023017546,0.7365999999999999,0.11347942135889375,0.37010445089554245,172.40900474034748,157.76129013741993,508.0,15.0,47327.67444305798,26070.05115893828,0.721598754735228,1.0625,0.9256705846099288,1.0,1.1682850224568164,78774.965476903,40134.01318383458,1780.9938628430064,1512.1951273144496
80,1582,5.670892044966688,185531.9317996724,0,-5.932524184884118,0.7365999999999999,0.1126179113424616,0.31429515950781756,172.40900474034748,155.41790471927283,508.0,18.0,47327.67444305798,30699.301841323966,0.6856961988611461,1.0526315789473684,0.9256705846099288,1.0,1.1698169081069878,78774.965476903,55006.21158242192,1780.9938628430064,1575.464115191891
80,1483,5.670892044966688,185708.927730727,0,-5.9594794132801905,0.7365999999999999,0.1124030107507356,0.31379552732025423,172.40900474034748,155.38014926889852,508.0,18.0,47327.67444305798,30748.18194954805,0.6852676869443435,1.0526315789473684,0.9256705846099288,1.0,1.1701979620724379,78774.965476903,55183.20751347652,1780.9938628430064,1576.5268388610482
80,1515,5.670892044966688,185750.0380657533,0,-5.578403798225192,0.7365999999999999,0.12421918811397212,0.3136250453831545,172.40900474034748,155.9156207887988,508.0,18.0,47327.67444305798,30764.89620658275,0.6890406446681847,1.0526315789473684,0.928689987854111,1.0,1.148632021012315,78774.965476903,55224.31784850281,1780.9938628430064,1561.5873805640992
80,1346,5.670892044966688,185764.8739114395,0,-5.587860954992857,0.7365999999999999,0.12393026944891149,0.31372970754231144,172.40900474034748,155.90228733198362,508.0,18.0,47327.67444305798,30754.63284807442,0.6890190662730296,1.0526315789473684,0.928689987854111,1.0,1.1491737590844093,78774.965476903,55239.15369418904,1780.9938628430064,1561.9559409404105
80,1438,5.670892044966688,186391.10063413432,0,-5.647239798778605,0.7365999999999999,0.12472000034552025,0.31112083442137,172.40900474034748,155.81862236589714,508.0,18.0,47327.67444305798,31012.522793410248,0.6874099767940576,1.0526315789473684,0.928689987854111,1.0,1.1476913183035609,78774.965476903,55865.38041688384,1780.9938628430064,1564.2725655271672
80,1523,5.670892044966688,186764.875549867,0,-5.991172951887979,0.7365999999999999,0.11216290702147853,0.3162698260787952,172.40900474034748,155.33578045443548,508.0,17.0,47327.67444305798,30507.627264428622,0.686957558845597,1.0555555555555556,0.9256705846099288,1.0,1.1706231982345168,78774.965476903,52698.0046673835,1780.9938628430064,1577.7775464307401
80,1536,5.406300418366228,186826.71389708895,0,-1.7775242851701138,0.7365999999999999,0.12586293410944552,0.3110248521297633,161.77634977760425,151.50786727883772,500.0,17.0,48084.9172341469,31022.09326016181,0.6897780788730224,1.0555555555555556,0.9228234636957594,1.0,1.1455366761698422,78640.09539179315,41868.64127230845,1803.7543409380582,1673.618869183115
80,1538,5.670892044966688,186931.7710362029,0,-5.529484078906769,0.7365999999999999,0.12585087522807667,0.3159241721611633,172.40900474034748,155.98462815339394,508.0,17.0,47327.67444305798,30541.00578310755,0.6912177799266207,1.0555555555555556,0.928689987854111,1.0,1.14555946581135,78774.965476903,52531.10918104756,1780.9938628430064,1559.6826708640147
80,1144,5.670892044966688,186940.9950729807,0,-5.528226610687428,0.7365999999999999,0.12585087522807667,0.3159584343727482,172.40900474034748,155.98640277439912,508.0,17.0,47327.67444305798,30537.693947472482,0.6912419786363221,1.0555555555555556,0.928689987854111,1.0,1.14555946581135,78774.965476903,52521.88514426979,1780.9938628430064,1559.6337498665803
80,1398,5.670892044966688,186983.2637839546,0,-5.812459932173473,0.7365999999999999,0.12116090583479755,0.3110248521297633,172.40900474034748,155.58629854970846,508.0,18.0,47327.67444305798,31022.09326016181,0.6861530323297984,1.0526315789473684,0.928689987854111,1.0,1.1543307092537898,78774.965476903,56457.54356670412,1780.9938628430064,1570.7416337420739
80,1463,5.670892044966688,188421.37556369515,0,-6.291351678672413,0.7365999999999999,0.11236709763317282,0.304648157361054,172.40900474034748,154.9168036328087,508.0,18.0,47327.67444305798,31671.427303472763,0.6785516956710489,1.0526315789473684,0.9256705846099288,1.0,1.1702616001310606,78774.965476903,57895.65534644466,1780.9938628430064,1589.6866234219926
80,1411,5.670892044966688,188456.0976495026,0,-6.299718891998928,0.7365999999999999,0.11216290702147853,0.304648157361054,172.40900474034748,154.90515740443757,508.0,18.0,47327.67444305798,31671.427303472763,0.6784844486412077,1.0526315789473684,0.9256705846099288,1.0,1.1706231982345168,78774.965476903,57930.37743225212,1780.9938628430064,1590.0202266811023
80,1450,5.670892044966688,188576.65167363407,0,-5.478186709830869,0.7365999999999999,0.13003743185016015,0.3156674364988669,172.40900474034748,156.05705512996596,508.0,17.0,47327.67444305798,30565.845105889428,0.6924390629402952,1.0555555555555556,0.9319004488322129,1.0,1.1375762209913147,78774.965476903,50886.22854361641,1780.9938628430064,1557.6885657420883
80,1400,5.670892044966688,188712.64194216277,0,-5.914555214326361,0.7365999999999999,0.11347942135889375,0.3137954745496426,172.40900474034748,155.4430835585032,508.0,18.0,47327.67444305798,30748.18712043323,0.6856187601847374,1.0526315789473684,0.9256705846099288,1.0,1.1682850224568164,78774.965476903,58186.92172491229,1780.9938628430064,1574.756188384824
80,1570,5.670892044966688,189315.14592592747,0,-6.052290441177522,0.7365999999999999,0.12285999153920253,0.30240186805955366,172.40900474034748,155.25029160174734,508.0,18.0,47327.67444305798,31906.687716285516,0.6803648138013831,1.0526315789473684,0.928689987854111,1.0,1.1511744763813336,78774.965476903,58789.425708676994,1780.9938628430064,1580.1929861508966
80,1550,5.690127797825086,190280.36039721523,0,-6.388597482678506,0.7365999999999999,0.11347942135889375,0.31109782098494565,172.99381873071277,155.3065777290303,508.0,18.0,47327.67444305798,31014.81694230337,0.683670635851356,1.0526315789473684,0.9256705846099288,1.0,1.1682850224568164,78950.36102308921,58994.43064341326,1780.9938628430064,1578.601822269258
80,1586,5.670892044966688,192532.43554570107,0,-8.214087975891589,0.7365999999999999,0.11236709763317282,0.304648157361054,169.6939023034916,149.88762029300375,500.0,18.0,48084.9172341469,31671.427303472763,0.6806253989608224,1.0526315789473684,0.9353237809222416,1.0,1.1702616001310606,81121.44265318729,46561.81941097782,1803.7543409380582,1726.6804988174633
80,1593,5.670892044966688,194605.4626388308,0,-7.900959269685766,0.7365999999999999,0.1124030107507356,0.31372956548860464,169.6939023034916,150.30333081417396,500.0,18.0,48084.9172341469,30754.646773474124,0.6872785963031839,1.0526315789473684,0.9353237809222414,1.0,1.1701979620724379,81121.44265318729,44488.792317848085,1803.7543409380582,1712.7480551015938
80,1268,5.670892044966688,195701.94932886056,0,-6.895195283798058,0.7365999999999999,0.12586293410944552,0.3110248521297633,169.6939023034916,151.65432427469256,500.0,18.0,48084.9172341469,31022.09326016181,0.6897780788730224,1.0526315789473684,0.9228234636957594,1.0,1.1455366761698422,81121.44265318729,43392.305627818336,1803.7543409380582,1668.9828058335772
80,1227,5.670892044966688,198730.72047169774,0,-6.887437701824268,0.7365999999999999,0.12393026944891149,0.31372970754231144,169.6939023034916,151.66483904629163,500.0,18.0,48084.9172341469,30754.63284807442,0.6910698412493155,1.0526315789473684,0.9228234636957594,1.0,1.1491737590844093,81121.44265318729,40363.53448498114,1803.7543409380582,1668.6509510973594
81,1582,5.670892044966688,185531.9317996724,0,-5.932524184884118,0.7365999999999999,0.1126179113424616,0.31429515950781756,172.40900474034748,155.41790471927283,508.0,18.0,47327.67444305798,30699.301841323966,0.6856961988611461,1.0526315789473684,0.9256705846099288,1.0,1.1698169081069878,78774.965476903,55006.21158242192,1780.9938628430064,1575.464115191891
81,1483,5.670892044966688,185708.927730727,0,-5.9594794132801905,0.7365999999999999,0.1124030107507356,0.31379552732025423,172.40900474034748,155.38014926889852,508.0,18.0,47327.67444305798,30748.18194954805,0.6852676869443435,1.0526315789473684,0.9256705846099288,1.0,1.1701979620724379,78774.965476903,55183.20751347652,1780.9938628430064,1576.5268388610482
81,1515,5.670892044966688,185750.0380657533,0,-5.578403798225192,0.7365999999999999,0.12421918811397212,0.3136250453831545,172.40900474034748,155.9156207887988,508.0,18.0,47327.67444305798,30764.89620658275,0.6890406446681847,1.0526315789473684,0.928689987854111,1.0,1.148632021012315,78774.965476903,55224.31784850281,1780.9938628430064,1561.5873805640992
81,1346,5.670892044966688,185764.8739114395,0,-5.587860954992857,0.7365999999999999,0.12393026944891149,0.31372970754231144,172.40900474034748,155.90228733198362,508.0,18.0,47327.67444305798,30754.63284807442,0.6890190662730296,1.0526315789473684,0.928689987854111,1.0,1.1491737590844093,78774.965476903,55239.15369418904,1780.9938628430064,1561.9559409404105
81,1438,5.670892044966688,186391.10063413432,0,-5.647239798778605,0.7365999999999999,0.12472000034552025,0.31112083442137,172.40900474034748,155.81862236589714,508.0,18.0,47327.67444305798,31012.522793410248,0.6874099767940576,1.0526315789473684,0.928689987854111,1.0,1.1476913183035609,78774.965476903,55865.38041688384,1780.9938628430064,1564.2725655271672
81,1523,5.670892044966688,186764.875549867,0,-5.991172951887979,0.7365999999999999,0.11216290702147853,0.3162698260787952,172.40900474034748,155.33578045443548,508.0,17.0,47327.67444305798,30507.627264428622,0.686957558845597,1.0555555555555556,0.9256705846099288,1.0,1.1706231982345168,78774.965476903,52698.0046673835,1780.9938628430064,1577.7775464307401
81,1536,5.406300418366228,186826.71389708895,0,-1.7775242851701138,0.7365999999999999,0.12586293410944552,0.3110248521297633,161.77634977760425,151.50786727883772,500.0,17.0,48084.9172341469,31022.09326016181,0.6897780788730224,1.0555555555555556,0.9228234636957594,1.0,1.1455366761698422,78640.09539179315,41868.64127230845,1803.7543409380582,1673.618869183115
81,1538,5.670892044966688,186931.7710362029,0,-5.529484078906769,0.7365999999999999,0.12585087522807667,0.3159241721611633,172.40900474034748,155.98462815339394,508.0,17.0,47327.67444305798,30541.00578310755,0.6912177799266207,1.0555555555555556,0.928689987854111,1.0,1.14555946581135,78774.965476903,52531.10918104756,1780.9938628430064,1559.6826708640147
81,1144,5.670892044966688,186940.9950729807,0,-5.528226610687428,0.7365999999999999,0.12585087522807667,0.3159584343727482,172.40900474034748,155.98640277439912,508.0,17.0,47327.67444305798,30537.693947472482,0.6912419786363221,1.0555555555555556,0.928689987854111,1.0,1.14555946581135,78774.965476903,52521.88514426979,1780.9938628430064,1559.6337498665803
81,1619,5.670892044966688,186940.9950729807,0,-5.528226610687428,0.7365999999999999,0.12585087522807667,0.3159584343727482,172.40900474034748,155.98640277439912,508.0,17.0,47327.67444305798,30537.693947472482,0.6912419786363221,1.0555555555555556,0.928689987854111,1.0,1.14555946581135,78774.965476903,52521.88514426979,1780.9938628430064,1559.6337498665803
81,1398,5.670892044966688,186983.2637839546,0,-5.812459932173473,0.7365999999999999,0.12116090583479755,0.3110248521297633,172.40900474034748,155.58629854970846,508.0,18.0,47327.67444305798,31022.09326016181,0.6861530323297984,1.0526315789473684,0.928689987854111,1.0,1.1543307092537898,78774.965476903,56457.54356670412,1780.9938628430064,1570.7416337420739
81,1463,5.670892044966688,188421.37556369515,0,-6.291351678672413,0.7365999999999999,0.11236709763317282,0.304648157361054,172.40900474034748,154.9168036328087,508.0,18.0,47327.67444305798,31671.427303472763,0.6785516956710489,1.0526315789473684,0.9256705846099288,1.0,1.1702616001310606,78774.965476903,57895.65534644466,1780.9938628430064,1589.6866234219926
81,1411,5.670892044966688,188456.0976495026,0,-6.299718891998928,0.7365999999999999,0.11216290702147853,0.304648157361054,172.40900474034748,154.90515740443757,508.0,18.0,47327.67444305798,31671.427303472763,0.6784844486412077,1.0526315789473684,0.9256705846099288,1.0,1.1706231982345168,78774.965476903,57930.37743225212,1780.9938628430064,1590.0202266811023
81,1450,5.670892044966688,188576.65167363407,0,-5.478186709830869,0.7365999999999999,0.13003743185016015,0.3156674364988669,172.40900474034748,156.05705512996596,508.0,17.0,47327.67444305798,30565.845105889428,0.6924390629402952,1.0555555555555556,0.9319004488322129,1.0,1.1375762209913147,78774.965476903,50886.22854361641,1780.9938628430064,1557.6885657420883
81,1400,5.670892044966688,188712.64194216277,0,-5.914555214326361,0.7365999999999999,0.11347942135889375,0.3137954745496426,172.40900474034748,155.4430835585032,508.0,18.0,47327.67444305798,30748.18712043323,0.6856187601847374,1.0526315789473684,0.9256705846099288,1.0,1.1682850224568164,78774.965476903,58186.92172491229,1780.9938628430064,1574.756188384824
81,1570,5.670892044966688,189315.14592592747,0,-6.052290441177522,0.7365999999999999,0.12285999153920253,0.30240186805955366,172.40900474034748,155.25029160174734,508.0,18.0,47327.67444305798,31906.687716285516,0.6803648138013831,1.0526315789473684,0.928689987854111,1.0,1.1511744763813336,78774.965476903,58789.425708676994,1780.9938628430064,1580.1929861508966
81,1550,5.690127797825086,190280.36039721523,0,-6.388597482678506,0.7365999999999999,0.11347942135889375,0.31109782098494565,172.99381873071277,155.3065777290303,508.0,18.0,47327.67444305798,31014.81694230337,0.683670635851356,1.0526315789473684,0.9256705846099288,1.0,1.1682850224568164,78950.36102308921,58994.43064341326,1780.9938628430064,1578.601822269258
81,1586,5.670892044966688,192532.43554570107,0,-8.214087975891589,0.7365999999999999,0.11236709763317282,0.304648157361054,169.6939023034916,149.88762029300375,500.0,18.0,48084.9172341469,31671.427303472763,0.6806253989608224,1.0526315789473684,0.9353237809222416,1.0,1.1702616001310606,81121.44265318729,46561.81941097782,1803.7543409380582,1726.6804988174633
81,1593,5.670892044966688,194605.4626388308,0,-7.900959269685766,0.7365999999999999,0.1124030107507356,0.31372956548860464,169.6939023034916,150.30333081417396,500.0,18.0,48084.9172341469,30754.646773474124,0.6872785963031839,1.0526315789473684,0.9353237809222414,1.0,1.1701979620724379,81121.44265318729,44488.792317848085,1803.7543409380582,1712.7480551015938
81,1268,5.670892044966688,195701.94932886056,0,-6.895195283798058,0.7365999999999999,0.12586293410944552,0.3110248521297633,169.6939023034916,151.65432427469256,500.0,18.0,48084.9172341469,31022.09326016181,0.6897780788730224,1.0526315789473684,0.9228234636957594,1.0,1.1455366761698422,81121.44265318729,43392.305627818336,1803.7543409380582,1668.9828058335772
82,1627,5.54110062374281,181635.43367653334,0,-3.450884410596336,0.7365999999999999,0.11216290702147853,0.3162698260787952,168.46302770893752,155.33578045443548,508.0,17.0,47327.67444305798,30507.627264428622,0.686957558845597,1.0555555555555556,0.9256705846099288,1.0,1.1706231982345168,77591.50063497931,52698.0046673835,1780.9938628430064,1577.7775464307401
82,1582,5.670892044966688,185531.9317996724,0,-5.932524184884118,0.7365999999999999,0.1126179113424616,0.31429515950781756,172.40900474034748,155.41790471927283,508.0,18.0,47327.67444305798,30699.301841323966,0.6856961988611461,1.0526315789473684,0.9256705846099288,1.0,1.1698169081069878,78774.965476903,55006.21158242192,1780.9938628430064,1575.464115191891
82,1483,5.670892044966688,185708.927730727,0,-5.9594794132801905,0.7365999999999999,0.1124030107507356,0.31379552732025423,172.40900474034748,155.38014926889852,508.0,18.0,47327.67444305798,30748.18194954805,0.6852676869443435,1.0526315789473684,0.9256705846099288,1.0,1.1701979620724379,78774.965476903,55183.20751347652,1780.9938628430064,1576.5268388610482
82,1515,5.670892044966688,185750.0380657533,0,-5.578403798225192,0.7365999999999999,0.12421918811397212,0.3136250453831545,172.40900474034748,155.9156207887988,508.0,18.0,47327.67444305798,30764.89620658275,0.6890406446681847,1.0526315789473684,0.928689987854111,1.0,1.148632021012315,78774.965476903,55224.31784850281,1780.9938628430064,1561.5873805640992
82,1346,5.670892044966688,185764.8739114395,0,-5.587860954992857,0.7365999999999999,0.12393026944891149,0.31372970754231144,172.40900474034748,155.90228733198362,508.0,18.0,47327.67444305798,30754.63284807442,0.6890190662730296,1.0526315789473684,0.928689987854111,1.0,1.1491737590844093,78774.965476903,55239.15369418904,1780.9938628430064,1561.9559409404105
82,1438,5.670892044966688,186391.10063413432,0,-5.647239798778605,0.7365999999999999,0.12472000034552025,0.31112083442137,172.40900474034748,155.81862236589714,508.0,18.0,47327.67444305798,31012.522793410248,0.6874099767940576,1.0526315789473684,0.928689987854111,1.0,1.1476913183035609,78774.965476903,55865.38041688384,1780.9938628430064,1564.2725655271672
82,1523,5.670892044966688,186764.875549867,0,-5.991172951887979,0.7365999999999999,0.11216290702147853,0.3162698260787952,172.40900474034748,155.33578045443548,508.0,17.0,47327.67444305798,30507.627264428622,0.686957558845597,1.0555555555555556,0.9256705846099288,1.0,1.1706231982345168,78774.965476903,52698.0046673835,1780.9938628430064,1577.7775464307401
82,1536,5.406300418366228,186826.71389708895,0,-1.7775242851701138,0.7365999999999999,0.12586293410944552,0.3110248521297633,161.77634977760425,151.50786727883772,500.0,17.0,48084.9172341469,31022.09326016181,0.6897780788730224,1.0555555555555556,0.9228234636957594,1.0,1.1455366761698422,78640.09539179315,41868.64127230845,1803.7543409380582,1673.618869183115
82,1538,5.670892044966688,186931.7710362029,0,-5.529484078906769,0.7365999999999999,0.12585087522807667,0.3159241721611633,172.40900474034748,155.98462815339394,508.0,17.0,47327.67444305798,30541.00578310755,0.6912177799266207,1.0555555555555556,0.928689987854111,1.0,1.14555946581135,78774.965476903,52531.10918104756,1780.9938628430064,1559.6826708640147
82,1144,5.670892044966688,186940.9950729807,0,-5.528226610687428,0.7365999999999999,0.12585087522807667,0.3159584343727482,172.40900474034748,155.98640277439912,508.0,17.0,47327.67444305798,30537.693947472482,0.6912419786363221,1.0555555555555556,0.928689987854111,1.0,1.14555946581135,78774.965476903,52521.88514426979,1780.9938628430064,1559.6337498665803
82,1619,5.670892044966688,186940.9950729807,0,-5.528226610687428,0.7365999999999999,0.12585087522807667,0.3159584343727482,172.40900474034748,155.98640277439912,508.0,17.0,47327.67444305798,30537.693947472482,0.6912419786363221,1.0555555555555556,0.928689987854111,1.0,1.14555946581135,78774.965476903,52521.88514426979,1780.9938628430064,1559.6337498665803
82,1398,5.670892044966688,186983.2637839546,0,-5.812459932173473,0.7365999999999999,0.12116090583479755,0.3110248521297633,172.40900474034748,155.58629854970846,508.0,18.0,47327.67444305798,31022.09326016181,0.6861530323297984,1.0526315789473684,0.928689987854111,1.0,1.1543307092537898,78774.965476903,56457.54356670412,1780.9938628430064,1570.7416337420739
82,1463,5.670892044966688,188421.37556369515,0,-6.291351678672413,0.7365999999999999,0.11236709763317282,0.304648157361054,172.40900474034748,154.9168036328087,508.0,18.0,47327.67444305798,31671.427303472763,0.6785516956710489,1.0526315789473684,0.9256705846099288,1.0,1.1702616001310606,78774.965476903,57895.65534644466,1780.9938628430064,1589.6866234219926
82,1411,5.670892044966688,188456.0976495026,0,-6.299718891998928,0.7365999999999999,0.11216290702147853,0.304648157361054,172.40900474034748,154.90515740443757,508.0,18.0,47327.67444305798,31671.427303472763,0.6784844486412077,1.0526315789473684,0.9256705846099288,1.0,1.1706231982345168,78774.965476903,57930.37743225212,1780.9938628430064,1590.0202266811023
82,1450,5.670892044966688,188576.65167363407,0,-5.478186709830869,0.7365999999999999,0.13003743185016015,0.3156674364988669,172.40900474034748,156.05705512996596,508.0,17.0,47327.67444305798,30565.845105889428,0.6924390629402952,1.0555555555555556,0.9319004488322129,1.0,1.1375762209913147,78774.965476903,50886.22854361641,1780.9938628430064,1557.6885657420883
82,1400,5.670892044966688,188712.64194216277,0,-5.914555214326361,0.7365999999999999,0.11347942135889375,0.3137954745496426,172.40900474034748,155.4430835585032,508.0,18.0,47327.67444305798,30748.18712043323,0.6856187601847374,1.0526315789473684,0.9256705846099288,1.0,1.1682850224568164,78774.965476903,58186.92172491229,1780.9938628430064,1574.756188384824
82,1570,5.670892044966688,189315.14592592747,0,-6.052290441177522,0.7365999999999999,0.12285999153920253,0.30240186805955366,172.40900474034748,155.25029160174734,508.0,18.0,47327.67444305798,31906.687716285516,0.6803648138013831,1.0526315789473684,0.928689987854111,1.0,1.1511744763813336,78774.965476903,58789.425708676994,1780.9938628430064,1580.1929861508966
82,1638,5.674752690668342,190262.68483975565,0,-6.170864845618935,0.7365999999999999,0.12470803763046447,0.2989685956191428,172.52637782341787,155.19028125129933,508.0,18.0,47327.67444305798,32273.095269474372,0.6783927873029613,1.0526315789473684,0.928689987854111,1.0,1.1477138129023041,78810.16763750766,59584.38937883013,1780.9938628430064,1581.89296767807
82,1550,5.690127797825086,190280.36039721523,0,-6.388597482678506,0.7365999999999999,0.11347942135889375,0.31109782098494565,172.99381873071277,155.3065777290303,508.0,18.0,47327.67444305798,31014.81694230337,0.683670635851356,1.0526315789473684,0.9256705846099288,1.0,1.1682850224568164,78950.36102308921,58994.43064341326,1780.9938628430064,1578.601822269258
82,1586,5.670892044966688,192532.43554570107,0,-8.214087975891589,0.7365999999999999,0.11236709763317282,0.304648157361054,169.6939023034916,149.88762029300375,500.0,18.0,48084.9172341469,31671.427303472763,0.6806253989608224,1.0526315789473684,0.9353237809222416,1.0,1.1702616001310606,81121.44265318729,46561.81941097782,1803.7543409380582,1726.6804988174633
83,1627,5.54110062374281,181635.43367653334,0,-3.450884410596336,0.7365999999999999,0.11216290702147853,0.3162698260787952,168.46302770893752,155.33578045443548,508.0,17.0,47327.67444305798,30507.627264428622,0.686957558845597,1.0555555555555556,0.9256705846099288,1.0,1.1706231982345168,77591.50063497931,52698.0046673835,1780.9938628430064,1577.7775464307401
83,1582,5.670892044966688,185531.9317996724,0,-5.932524184884118,0.7365999999999999,0.1126179113424616,0.31429515950781756,172.40900474034748,155.41790471927283,508.0,18.0,47327.67444305798,30699.301841323966,0.6856961988611461,1.0526315789473684,0.9256705846099288,1.0,1.1698169081069878,78774.965476903,55006.21158242192,1780.9938628430064,1575.464115191891
83,1483,5.670892044966688,185708.927730727,0,-5.9594794132801905,0.7365999999999999,0.1124030107507356,0.31379552732025423,172.40900474034748,155.38014926889852,508.0,18.0,47327.67444305798,30748.18194954805,0.6852676869443435,1.0526315789473684,0.9256705846099288,1.0,1.1701979620724379,78774.965476903,55183.20751347652,1780.9938628430064,1576.5268388610482
83,1515,5.670892044966688,185750.0380657533,0,-5.578403798225192,0.7365999999999999,0.12421918811397212,0.3136250453831545,172.40900474034748,155.9156207887988,508.0,18.0,47327.67444305798,30764.89620658275,0.6890406446681847,1.0526315789473684,0.928689987854111,1.0,1.148632021012315,78774.965476903,55224.31784850281,1780.9938628430064,1561.5873805640992
83,1346,5.670892044966688,185764.8739114395,0,-5.587860954992857,0.7365999999999999,0.12393026944891149,0.31372970754231144,172.40900474034748,155.90228733198362,508.0,18.0,47327.67444305798,30754.63284807442,0.6890190662730296,1.0526315789473684,0.928689987854111,1.0,1.1491737590844093,78774.965476903,55239.15369418904,1780.9938628430064,1561.9559409404105
83,1646,5.544613641397953,186374.53768997235,0,-4.142093836907408,0.7365999999999999,0.11216290702147853,0.29558664504764276,168.56983204814128,154.4498791639801,508.0,18.0,47327.67444305798,32642.347449230598,0.67156962965473,1.0526315789473684,0.9256705846099288,1.0,1.1706231982345168,77623.53305164225,60839.422590188806,1780.9938628430064,1603.172188132432
83,1644,5.670892044966688,186388.76067848515,0,-5.646943083017968,0.7365999999999999,0.12472000034552025,0.31112891083287647,172.40900474034748,155.81904021604075,508.0,18.0,47327.67444305798,31011.717757660714,0.6874158067016527,1.0526315789473684,0.928689987854111,1.0,1.1476913183035609,78774.965476903,55863.040461234676,1780.9938628430064,1564.260978473723
83,1438,5.670892044966688,186391.10063413432,0,-5.647239798778605,0.7365999999999999,0.12472000034552025,0.31112083442137,172.40900474034748,155.81862236589714,508.0,18.0,47327.67444305798,31012.522793410248,0.6874099767940576,1.0526315789473684,0.928689987854111,1.0,1.1476913183035609,78774.965476903,55865.38041688384,1780.9938628430064,1564.2725655271672
83,1523,5.670892044966688,186764.875549867,0,-5.991172951887979,0.7365999999999999,0.11216290702147853,0.3162698260787952,172.40900474034748,155.33578045443548,508.0,17.0,47327.67444305798,30507.627264428622,0.686957558845597,1.0555555555555556,0.9256705846099288,1.0,1.1706231982345168,78774.965476903,52698.0046673835,1780.9938628430064,1577.7775464307401
83,1536,5.406300418366228,186826.71389708895,0,-1.7775242851701138,0.7365999999999999,0.12586293410944552,0.3110248521297633,161.77634977760425,151.50786727883772,500.0,17.0,48084.9172341469,31022.09326016181,0.6897780788730224,1.0555555555555556,0.9228234636957594,1.0,1.1455366761698422,78640.09539179315,41868.64127230845,1803.7543409380582,1673.618869183115
83,1538,5.670892044966688,186931.7710362029,0,-5.529484078906769,0.7365999999999999,0.12585087522807667,0.3159241721611633,172.40900474034748,155.98462815339394,508.0,17.0,47327.67444305798,30541.00578310755,0.6912177799266207,1.0555555555555556,0.928689987854111,1.0,1.14555946581135,78774.965476903,52531.10918104756,1780.9938628430064,1559.6826708640147
83,1144,5.670892044966688,186940.9950729807,0,-5.528226610687428,0.7365999999999999,0.12585087522807667,0.3159584343727482,172.40900474034748,155.98640277439912,508.0,17.0,47327.67444305798,30537.693947472482,0.6912419786363221,1.0555555555555556,0.928689987854111,1.0,1.14555946581135,78774.965476903,52521.88514426979,1780.9938628430064,1559.6337498665803
83,1619,5.670892044966688,186940.9950729807,0,-5.528226610687428,0.7365999999999999,0.12585087522807667,0.3159584343727482,172.40900474034748,155.98640277439912,508.0,17.0,47327.67444305798,30537.693947472482,0.6912419786363221,1.0555555555555556,0.928689987854111,1.0,1.14555946581135,78774.965476903,52521.88514426979,1780.9938628430064,1559.6337498665803
83,1398,5.670892044966688,186983.2637839546,0,-5.812459932173473,0.7365999999999999,0.12116090583479755,0.3110248521297633,172.40900474034748,155.58629854970846,508.0,18.0,47327.67444305798,31022.09326016181,0.6861530323297984,1.0526315789473684,0.928689987854111,1.0,1.1543307092537898,78774.965476903,56457.54356670412,1780.9938628430064,1570.7416337420739
83,1463,5.670892044966688,188421.37556369515,0,-6.291351678672413,0.7365999999999999,0.11236709763317282,0.304648157361054,172.40900474034748,154.9168036328087,508.0,18.0,47327.67444305798,31671.427303472763,0.6785516956710489,1.0526315789473684,0.9256705846099288,1.0,1.1702616001310606,78774.965476903,57895.65534644466,1780.9938628430064,1589.6866234219926
83,1411,5.670892044966688,188456.0976495026,0,-6.299718891998928,0.7365999999999999,0.11216290702147853,0.304648157361054,172.40900474034748,154.90515740443757,508.0,18.0,47327.67444305798,31671.427303472763,0.6784844486412077,1.0526315789473684,0.9256705846099288,1.0,1.1706231982345168,78774.965476903,57930.37743225212,1780.9938628430064,1590.0202266811023
83,1450,5.670892044966688,188576.65167363407,0,-5.478186709830869,0.7365999999999999,0.13003743185016015,0.3156674364988669,172.40900474034748,156.05705512996596,508.0,17.0,47327.67444305798,30565.845105889428,0.6924390629402952,1.0555555555555556,0.9319004488322129,1.0,1.1375762209913147,78774.965476903,50886.22854361641,1780.9938628430064,1557.6885657420883
83,1400,5.670892044966688,188712.64194216277,0,-5.914555214326361,0.7365999999999999,0.11347942135889375,0.3137954745496426,172.40900474034748,155.4430835585032,508.0,18.0,47327.67444305798,30748.18712043323,0.6856187601847374,1.0526315789473684,0.9256705846099288,1.0,1.1682850224568164,78774.965476903,58186.92172491229,1780.9938628430064,1574.756188384824
83,1570,5.670892044966688,189315.14592592747,0,-6.052290441177522,0.7365999999999999,0.12285999153920253,0.30240186805955366,172.40900474034748,155.25029160174734,508.0,18.0,47327.67444305798,31906.687716285516,0.6803648138013831,1.0526315789473684,0.928689987854111,1.0,1.1511744763813336,78774.965476903,58789.425708676994,1780.9938628430064,1580.1929861508966
83,1638,5.674752690668342,190262.68483975565,0,-6.170864845618935,0.7365999999999999,0.12470803763046447,0.2989685956191428,172.52637782341787,155.19028125129933,508.0,18.0,47327.67444305798,32273.095269474372,0.6783927873029613,1.0526315789473684,0.928689987854111,1.0,1.1477138129023041,78810.16763750766,59584.38937883013,1780.9938628430064,1581.89296767807
84,1627,5.54110062374281,181635.43367653334,0,-3.450884410596336,0.7365999999999999,0.11216290702147853,0.3162698260787952,168.46302770893752,155.33578045443548,508.0,17.0,47327.67444305798,30507.627264428622,0.686957558845597,1.0555555555555556,0.9256705846099288,1.0,1.1706231982345168,77591.50063497931,52698.0046673835,1780.9938628430064,1577.7775464307401
84,1582,5.670892044966688,185531.9317996724,0,-5.932524184884118,0.7365999999999999,0.1126179113424616,0.31429515950781756,172.40900474034748,155.41790471927283,508.0,18.0,47327.67444305798,30699.301841323966,0.6856961988611461,1.0526315789473684,0.9256705846099288,1.0,1.1698169081069878,78774.965476903,55006.21158242192,1780.9938628430064,1575.464115191891
84,1483,5.670892044966688,185708.927730727,0,-5.9594794132801905,0.7365999999999999,0.1124030107507356,0.31379552732025423,172.40900474034748,155.38014926889852,508.0,18.0,47327.67444305798,30748.18194954805,0.6852676869443435,1.0526315789473684,0.9256705846099288,1.0,1.1701979620724379,78774.965476903,55183.20751347652,1780.9938628430064,1576.5268388610482
84,1515,5.670892044966688,185750.0380657533,0,-5.578403798225192,0.7365999999999999,0.12421918811397212,0.3136250453831545,172.40900474034748,155.9156207887988,508.0,18.0,47327.67444305798,30764.89620658275,0.6890406446681847,1.0526315789473684,0.928689987854111,1.0,1.148632021012315,78774.965476903,55224.31784850281,1780.9938628430064,1561.5873805640992
84,1346,5.670892044966688,185764.8739114395,0,-5.587860954992857,0.7365999999999999,0.12393026944891149,0.31372970754231144,172.40900474034748,155.90228733198362,508.0,18.0,47327.67444305798,30754.63284807442,0.6890190662730296,1.0526315789473684,0.928689987854111,1.0,1.1491737590844093,78774.965476903,55239.15369418904,1780.9938628430064,1561.9559409404105
84,1646,5.544613641397953,186374.53768997235,0,-4.142093836907408,0.7365999999999999,0.11216290702147853,0.29558664504764276,168.56983204814128,154.4498791639801,508.0,18.0,47327.67444305798,32642.347449230598,0.67156962965473,1.0526315789473684,0.9256705846099288,1.0,1.1706231982345168,77623.53305164225,60839.422590188806,1780.9938628430064,1603.172188132432
84,1644,5.670892044966688,186388.76067848515,0,-5.646943083017968,0.7365999999999999,0.12472000034552025,0.31112891083287647,172.40900474034748,155.81904021604075,508.0,18.0,47327.67444305798,31011.717757660714,0.6874158067016527,1.0526315789473684,0.928689987854111,1.0,1.1476913183035609,78774.965476903,55863.040461234676,1780.9938628430064,1564.260978473723
84,1438,5.670892044966688,186391.10063413432,0,-5.647239798778605,0.7365999999999999,0.12472000034552025,0.31112083442137,172.40900474034748,155.81862236589714,508.0,18.0,47327.67444305798,31012.522793410248,0.6874099767940576,1.0526315789473684,0.928689987854111,1.0,1.1476913183035609,78774.965476903,55865.38041688384,1780.9938628430064,1564.2725655271672
84,1523,5.670892044966688,186764.875549867,0,-5.991172951887979,0.7365999999999999,0.11216290702147853,0.3162698260787952,172.40900474034748,155.33578045443548,508.0,17.0,47327.67444305798,30507.627264428622,0.686957558845597,1.0555555555555556,0.9256705846099288,1.0,1.1706231982345168,78774.965476903,52698.0046673835,1780.9938628430064,1577.7775464307401
84,1666,5.670892044966688,186801.11715728146,0,-5.698925200271129,0.7365999999999999,0.12472000034552025,0.309714377491407,172.40900474034748,155.74587054791496,508.0,18.0,47327.67444305798,31153.35505942166,0.6863915600242925,1.0526315789473684,0.928689987854111,1.0,1.1476913183035609,78774.965476903,56275.39694003099,1780.9938628430064,1566.292605626394
84,1536,5.406300418366228,186826.71389708895,0,-1.7775242851701138,0.7365999999999999,0.12586293410944552,0.3110248521297633,161.77634977760425,151.50786727883772,500.0,17.0,48084.9172341469,31022.09326016181,0.6897780788730224,1.0555555555555556,0.9228234636957594,1.0,1.1455366761698422,78640.09539179315,41868.64127230845,1803.7543409380582,1673.618869183115
84,1538,5.670892044966688,186931.7710362029,0,-5.529484078906769,0.7365999999999999,0.12585087522807667,0.3159241721611633,172.40900474034748,155.98462815339394,508.0,17.0,47327.67444305798,30541.00578310755,0.6912177799266207,1.0555555555555556,0.928689987854111,1.0,1.14555946581135,78774.965476903,52531.10918104756,1780.9938628430064,1559.6826708640147
84,1144,5.670892044966688,186940.9950729807,0,-5.528226610687428,0.7365999999999999,0.12585087522807667,0.3159584343727482,172.40900474034748,155.98640277439912,508.0,17.0,47327.67444305798,30537.693947472482,0.6912419786363221,1.0555555555555556,0.928689987854111,1.0,1.14555946581135,78774.965476903,52521.88514426979,1780.9938628430064,1559.6337498665803
84,1619,5.670892044966688,186940.9950729807,0,-5.528226610687428,0.7365999999999999,0.12585087522807667,0.3159584343727482,172.40900474034748,155.98640277439912,508.0,17.0,47327.67444305798,30537.693947472482,0.6912419786363221,1.0555555555555556,0.928689987854111,1.0,1.14555946581135,78774.965476903,52521.88514426979,1780.9938628430064,1559.6337498665803
84,1398,5.670892044966688,186983.2637839546,0,-5.812459932173473,0.7365999999999999,0.12116090583479755,0.3110248521297633,172.40900474034748,155.58629854970846,508.0,18.0,47327.67444305798,31022.09326016181,0.6861530323297984,1.0526315789473684,0.928689987854111,1.0,1.1543307092537898,78774.965476903,56457.54356670412,1780.9938628430064,1570.7416337420739
84,1463,5.670892044966688,188421.37556369515,0,-6.291351678672413,0.7365999999999999,0.11236709763317282,0.304648157361054,172.40900474034748,154.9168036328087,508.0,18.0,47327.67444305798,31671.427303472763,0.6785516956710489,1.0526315789473684,0.9256705846099288,1.0,1.1702616001310606,78774.965476903,57895.65534644466,1780.9938628430064,1589.6866234219926
84,1411,5.670892044966688,188456.0976495026,0,-6.299718891998928,0.7365999999999999,0.11216290702147853,0.304648157361054,172.40900474034748,154.90515740443757,508.0,18.0,47327.67444305798,31671.427303472763,0.6784844486412077,1.0526315789473684,0.9256705846099288,1.0,1.1706231982345168,78774.965476903,57930.37743225212,1780.9938628430064,1590.0202266811023
84,1450,5.670892044966688,188576.65167363407,0,-5.478186709830869,0.7365999999999999,0.13003743185016015,0.3156674364988669,172.40900474034748,156.05705512996596,508.0,17.0,47327.67444305798,30565.845105889428,0.6924390629402952,1.0555555555555556,0.9319004488322129,1.0,1.1375762209913147,78774.965476903,50886.22854361641,1780.9938628430064,1557.6885657420883
84,1400,5.670892044966688,188712.64194216277,0,-5.914555214326361,0.7365999999999999,0.11347942135889375,0.3137954745496426,172.40900474034748,155.4430835585032,508.0,18.0,47327.67444305798,30748.18712043323,0.6856187601847374,1.0526315789473684,0.9256705846099288,1.0,1.1682850224568164,78774.965476903,58186.92172491229,1780.9938628430064,1574.756188384824
84,1570,5.670892044966688,189315.14592592747,0,-6.052290441177522,0.7365999999999999,0.12285999153920253,0.30240186805955366,172.40900474034748,155.25029160174734,508.0,18.0,47327.67444305798,31906.687716285516,0.6803648138013831,1.0526315789473684,0.928689987854111,1.0,1.1511744763813336,78774.965476903,58789.425708676994,1780.9938628430064,1580.1929861508966
85,1627,5.54110062374281,181635.43367653334,0,-3.450884410596336,0.7365999999999999,0.11216290702147853,0.3162698260787952,168.46302770893752,155.33578045443548,508.0,17.0,47327.67444305798,30507.627264428622,0.686957558845597,1.0555555555555556,0.9256705846099288,1.0,1.1706231982345168,77591.50063497931,52698.0046673835,1780.9938628430064,1577.7775464307401
85,1582,5.670892044966688,185531.9317996724,0,-5.932524184884118,0.7365999999999999,0.1126179113424616,0.31429515950781756,172.40900474034748,155.41790471927283,508.0,18.0,47327.67444305798,30699.301841323966,0.6856961988611461,1.0526315789473684,0.9256705846099288,1.0,1.1698169081069878,78774.965476903,55006.21158242192,1780.9938628430064,1575.464115191891
85,1690,5.670892044966688,185675.07507652155,0,-5.555798308348505,0.7365999999999999,0.12470888587160807,0.3136250453831545,172.40900474034748,155.9475010613968,508.0,18.0,47327.67444305798,30764.89620658275,0.6892040213476488,1.0526315789473684,0.928689987854111,1.0,1.1477122179153407,78774.965476903,55149.35485927108,1780.9938628430064,1560.7068580402813
85,1483,5.670892044966688,185708.927730727,0,-5.9594794132801905,0.7365999999999999,0.1124030107507356,0.31379552732025423,172.40900474034748,155.38014926889852,508.0,18.0,47327.67444305798,30748.18194954805,0.6852676869443435,1.0526315789473684,0.9256705846099288,1.0,1.1701979620724379,78774.965476903,55183.20751347652,1780.9938628430064,1576.5268388610482
85,1515,5.670892044966688,185750.0380657533,0,-5.578403798225192,0.7365999999999999,0.12421918811397212,0.3136250453831545,172.40900474034748,155.9156207887988,508.0,18.0,47327.67444305798,30764.89620658275,0.6890406446681847,1.0526315789473684,0.928689987854111,1.0,1.148632021012315,78774.965476903,55224.31784850281,1780.9938628430064,1561.5873805640992
85,1346,5.670892044966688,185764.8739114395,0,-5.587860954992857,0.7365999999999999,0.12393026944891149,0.31372970754231144,172.40900474034748,155.90228733198362,508.0,18.0,47327.67444305798,30754.63284807442,0.6890190662730296,1.0526315789473684,0.928689987854111,1.0,1.1491737590844093,78774.965476903,55239.15369418904,1780.9938628430064,1561.9559409404105
85,1688,5.670892044966688,185764.8739114395,0,-5.587860954992857,0.7365999999999999,0.12393026944891149,0.31372970754231144,172.40900474034748,155.90228733198362,508.0,18.0,47327.67444305798,30754.63284807442,0.6890190662730296,1.0526315789473684,0.928689987854111,1.0,1.1491737590844093,78774.965476903,55239.15369418904,1780.9938628430064,1561.9559409404105
85,1646,5.544613641397953,186374.53768997235,0,-4.142093836907408,0.7365999999999999,0.11216290702147853,0.29558664504764276,168.56983204814128,154.4498791639801,508.0,18.0,47327.67444305798,32642.347449230598,0.67156962965473,1.0526315789473684,0.9256705846099288,1.0,1.1706231982345168,77623.53305164225,60839.422590188806,1780.9938628430064,1603.172188132432
85,1644,5.670892044966688,186388.76067848515,0,-5.646943083017968,0.7365999999999999,0.12472000034552025,0.31112891083287647,172.40900474034748,155.81904021604075,508.0,18.0,47327.67444305798,31011.717757660714,0.6874158067016527,1.0526315789473684,0.928689987854111,1.0,1.1476913183035609,78774.965476903,55863.040461234676,1780.9938628430064,1564.260978473723
85,1438,5.670892044966688,186391.10063413432,0,-5.647239798778605,0.7365999999999999,0.12472000034552025,0.31112083442137,172.40900474034748,155.81862236589714,508.0,18.0,47327.67444305798,31012.522793410248,0.6874099767940576,1.0526315789473684,0.928689987854111,1.0,1.1476913183035609,78774.965476903,55865.38041688384,1780.9938628430064,1564.2725655271672
85,1523,5.670892044966688,186764.875549867,0,-5.991172951887979,0.7365999999999999,0.11216290702147853,0.3162698260787952,172.40900474034748,155.33578045443548,508.0,17.0,47327.67444305798,30507.627264428622,0.686957558845597,1.0555555555555556,0.9256705846099288,1.0,1.1706231982345168,78774.965476903,52698.0046673835,1780.9938628430064,1577.7775464307401
85,1666,5.670892044966688,186801.11715728146,0,-5.698925200271129,0.7365999999999999,0.12472000034552025,0.309714377491407,172.40900474034748,155.74587054791496,508.0,18.0,47327.67444305798,31153.35505942166,0.6863915600242925,1.0526315789473684,0.928689987854111,1.0,1.1476913183035609,78774.965476903,56275.39694003099,1780.9938628430064,1566.292605626394
85,1536,5.406300418366228,186826.71389708895,0,-1.7775242851701138,0.7365999999999999,0.12586293410944552,0.3110248521297633,161.77634977760425,151.50786727883772,500.0,17.0,48084.9172341469,31022.09326016181,0.6897780788730224,1.0555555555555556,0.9228234636957594,1.0,1.1455366761698422,78640.09539179315,41868.64127230845,1803.7543409380582,1673.618869183115
85,1538,5.670892044966688,186931.7710362029,0,-5.529484078906769,0.7365999999999999,0.12585087522807667,0.3159241721611633,172.40900474034748,155.98462815339394,508.0,17.0,47327.67444305798,30541.00578310755,0.6912177799266207,1.0555555555555556,0.928689987854111,1.0,1.14555946581135,78774.965476903,52531.10918104756,1780.9938628430064,1559.6826708640147
85,1144,5.670892044966688,186940.9950729807,0,-5.528226610687428,0.7365999999999999,0.12585087522807667,0.3159584343727482,172.40900474034748,155.98640277439912,508.0,17.0,47327.67444305798,30537.693947472482,0.6912419786363221,1.0555555555555556,0.928689987854111,1.0,1.14555946581135,78774.965476903,52521.88514426979,1780.9938628430064,1559.6337498665803
85,1619,5.670892044966688,186940.9950729807,0,-5.528226610687428,0.7365999999999999,0.12585087522807667,0.3159584343727482,172.40900474034748,155.98640277439912,508.0,17.0,47327.67444305798,30537.693947472482,0.6912419786363221,1.0555555555555556,0.928689987854111,1.0,1.14555946581135,78774.965476903,52521.88514426979,1780.9938628430064,1559.6337498665803
85,1398,5.670892044966688,186983.2637839546,0,-5.812459932173473,0.7365999999999999,0.12116090583479755,0.3110248521297633,172.40900474034748,155.58629854970846,508.0,18.0,47327.67444305798,31022.09326016181,0.6861530323297984,1.0526315789473684,0.928689987854111,1.0,1.1543307092537898,78774.965476903,56457.54356670412,1780.9938628430064,1570.7416337420739
85,1695,5.670892044966688,187636.7295467512,0,-6.008628543829252,0.7365999999999999,0.11604163406668037,0.31179227082804156,172.40900474034748,155.31135462346126,508.0,18.0,47327.67444305798,30945.738146020092,0.6850150629389327,1.0526315789473684,0.928689987854111,1.0,1.1636889363952245,78774.965476903,57111.009329500725,1780.9938628430064,1578.4669307813754
85,1463,5.670892044966688,188421.37556369515,0,-6.291351678672413,0.7365999999999999,0.11236709763317282,0.304648157361054,172.40900474034748,154.9168036328087,508.0,18.0,47327.67444305798,31671.427303472763,0.6785516956710489,1.0526315789473684,0.9256705846099288,1.0,1.1702616001310606,78774.965476903,57895.65534644466,1780.9938628430064,1589.6866234219926
85,1411,5.670892044966688,188456.0976495026,0,-6.299718891998928,0.7365999999999999,0.11216290702147853,0.304648157361054,172.40900474034748,154.90515740443757,508.0,18.0,47327.67444305798,31671.427303472763,0.6784844486412077,1.0526315789473684,0.9256705846099288,1.0,1.1706231982345168,78774.965476903,57930.37743225212,1780.9938628430064,1590.0202266811023
86,1710,5.524962981318024,179331.9842072855,0,-3.068840389492209,0.7365999999999999,0.12116487551028869,0.3110248521297633,167.97240386223908,155.43093018935681,508.0,17.0,47327.67444305798,31022.09326016181,0.6861543524012748,1.0555555555555556,0.928689987854111,1.0,1.1543233639051076,77444.35429617524,54573.476048871235,1780.9938628430064,1575.0978123706018
86,1627,5.54110062374281,181635.43367653334,0,-3.450884410596336,0.7365999999999999,0.11216290702147853,0.3162698260787952,168.46302770893752,155.33578045443548,508.0,17.0,47327.67444305798,30507.627264428622,0.686957558845597,1.0555555555555556,0.9256705846099288,1.0,1.1706231982345168,77591.50063497931,52698.0046673835,1780.9938628430064,1577.7775464307401
86,1582,5.670892044966688,185531.9317996724,0,-5.932524184884118,0.7365999999999999,0.1126179113424616,0.31429515950781756,172.40900474034748,155.41790471927283,508.0,18.0,47327.67444305798,30699.301841323966,0.6856961988611461,1.0526315789473684,0.9256705846099288,1.0,1.1698169081069878,78774.965476903,55006.21158242192,1780.9938628430064,1575.464115191891
86,1690,5.670892044966688,185675.07507652155,0,-5.555798308348505,0.7365999999999999,0.12470888587160807,0.3136250453831545,172.40900474034748,155.9475010613968,508.0,18.0,47327.67444305798,30764.89620658275,0.6892040213476488,1.0526315789473684,0.928689987854111,1.0,1.1477122179153407,78774.965476903,55149.35485927108,1780.9938628430064,1560.7068580402813
86,1483,5.670892044966688,185708.927730727,0,-5.9594794132801905,0.7365999999999999,0.1124030107507356,0.31379552732025423,172.40900474034748,155.38014926889852,508.0,18.0,47327.67444305798,30748.18194954805,0.6852676869443435,1.0526315789473684,0.9256705846099288,1.0,1.1701979620724379,78774.965476903,55183.20751347652,1780.9938628430064,1576.5268388610482
86,1515,5.670892044966688,185750.0380657533,0,-5.578403798225192,0.7365999999999999,0.12421918811397212,0.3136250453831545,172.40900474034748,155.9156207887988,508.0,18.0,47327.67444305798,30764.89620658275,0.6890406446681847,1.0526315789473684,0.928689987854111,1.0,1.148632021012315,78774.965476903,55224.31784850281,1780.9938628430064,1561.5873805640992
86,1718,5.670892044966688,185763.75418257626,0,-5.587716229404229,0.7365999999999999,0.12393026944891149,0.31373365568188205,172.40900474034748,155.90249136052378,508.0,18.0,47327.67444305798,30754.2458204772,0.6890218849914194,1.0526315789473684,0.928689987854111,1.0,1.1491737590844093,78774.965476903,55238.03396532578,1780.9938628430064,1561.9502999192841
86,1346,5.670892044966688,185764.8739114395,0,-5.587860954992857,0.7365999999999999,0.12393026944891149,0.31372970754231144,172.40900474034748,155.90228733198362,508.0,18.0,47327.67444305798,30754.63284807442,0.6890190662730296,1.0526315789473684,0.928689987854111,1.0,1.1491737590844093,78774.965476903,55239.15369418904,1780.9938628430064,1561.9559409404105
86,1688,5.670892044966688,185764.8739114395,0,-5.587860954992857,0.7365999999999999,0.12393026944891149,0.31372970754231144,172.40900474034748,155.90228733198362,508.0,18.0,47327.67444305798,30754.63284807442,0.6890190662730296,1.0526315789473684,0.928689987854111,1.0,1.1491737590844093,78774.965476903,55239.15369418904,1780.9938628430064,1561.9559409404105
86,1646,5.544613641397953,186374.53768997235,0,-4.142093836907408,0.7365999999999999,0.11216290702147853,0.29558664504764276,168.56983204814128,154.4498791639801,508.0,18.0,47327.67444305798,32642.347449230598,0.67156962965473,1.0526315789473684,0.9256705846099288,1.0,1.1706231982345168,77623.53305164225,60839.422590188806,1780.9938628430064,1603.172188132432
86,1644,5.670892044966688,186388.76067848515,0,-5.646943083017968,0.7365999999999999,0.12472000034552025,0.31112891083287647,172.40900474034748,155.81904021604075,508.0,18.0,47327.67444305798,31011.717757660714,0.6874158067016527,1.0526315789473684,0.928689987854111,1.0,1.1476913183035609,78774.965476903,55863.040461234676,1780.9938628430064,1564.260978473723
86,1720,5.670892044966688,186389.37024562026,0,-5.647126168388713,0.7365999999999999,0.1247160306700291,0.31112891083287647,172.40900474034748,155.81878238569544,508.0,18.0,47327.67444305798,31011.717757660714,0.6874144776238221,1.0526315789473684,0.928689987854111,1.0,1.1476987829833885,78774.965476903,55863.65002836977,1780.9938628430064,1564.2681281314685
86,1438,5.670892044966688,186391.10063413432,0,-5.647239798778605,0.7365999999999999,0.12472000034552025,0.31112083442137,172.40900474034748,155.81862236589714,508.0,18.0,47327.67444305798,31012.522793410248,0.6874099767940576,1.0526315789473684,0.928689987854111,1.0,1.1476913183035609,78774.965476903,55865.38041688384,1780.9938628430064,1564.2725655271672
86,1523,5.670892044966688,186764.875549867,0,-5.991172951887979,0.7365999999999999,0.11216290702147853,0.3162698260787952,172.40900474034748,155.33578045443548,508.0,17.0,47327.67444305798,30507.627264428622,0.686957558845597,1.0555555555555556,0.9256705846099288,1.0,1.1706231982345168,78774.965476903,52698.0046673835,1780.9938628430064,1577.7775464307401
86,1666,5.670892044966688,186801.11715728146,0,-5.698925200271129,0.7365999999999999,0.12472000034552025,0.309714377491407,172.40900474034748,155.74587054791496,508.0,18.0,47327.67444305798,31153.35505942166,0.6863915600242925,1.0526315789473684,0.928689987854111,1.0,1.1476913183035609,78774.965476903,56275.39694003099,1780.9938628430064,1566.292605626394
86,1536,5.406300418366228,186826.71389708895,0,-1.7775242851701138,0.7365999999999999,0.12586293410944552,0.3110248521297633,161.77634977760425,151.50786727883772,500.0,17.0,48084.9172341469,31022.09326016181,0.6897780788730224,1.0555555555555556,0.9228234636957594,1.0,1.1455366761698422,78640.09539179315,41868.64127230845,1803.7543409380582,1673.618869183115
86,1538,5.670892044966688,186931.7710362029,0,-5.529484078906769,0.7365999999999999,0.12585087522807667,0.3159241721611633,172.40900474034748,155.98462815339394,508.0,17.0,47327.67444305798,30541.00578310755,0.6912177799266207,1.0555555555555556,0.928689987854111,1.0,1.14555946581135,78774.965476903,52531.10918104756,1780.9938628430064,1559.6826708640147
86,1144,5.670892044966688,186940.9950729807,0,-5.528226610687428,0.7365999999999999,0.12585087522807667,0.3159584343727482,172.40900474034748,155.98640277439912,508.0,17.0,47327.67444305798,30537.693947472482,0.6912419786363221,1.0555555555555556,0.928689987854111,1.0,1.14555946581135,78774.965476903,52521.88514426979,1780.9938628430064,1559.6337498665803
86,1619,5.670892044966688,186940.9950729807,0,-5.528226610687428,0.7365999999999999,0.12585087522807667,0.3159584343727482,172.40900474034748,155.98640277439912,508.0,17.0,47327.67444305798,30537.693947472482,0.6912419786363221,1.0555555555555556,0.928689987854111,1.0,1.14555946581135,78774.965476903,52521.88514426979,1780.9938628430064,1559.6337498665803
86,1398,5.670892044966688,186983.2637839546,0,-5.812459932173473,0.7365999999999999,0.12116090583479755,0.3110248521297633,172.40900474034748,155.58629854970846,508.0,18.0,47327.67444305798,31022.09326016181,0.6861530323297984,1.0526315789473684,0.928689987854111,1.0,1.1543307092537898,78774.965476903,56457.54356670412,1780.9938628430064,1570.7416337420739
87,1710,5.524962981318024,179331.9842072855,0,-3.068840389492209,0.7365999999999999,0.12116487551028869,0.3110248521297633,167.97240386223908,155.43093018935681,508.0,17.0,47327.67444305798,31022.09326016181,0.6861543524012748,1.0555555555555556,0.928689987854111,1.0,1.1543233639051076,77444.35429617524,54573.476048871235,1780.9938628430064,1575.0978123706018
87,1627,5.54110062374281,181635.43367653334,0,-3.450884410596336,0.7365999999999999,0.11216290702147853,0.3162698260787952,168.46302770893752,155.33578045443548,508.0,17.0,47327.67444305798,30507.627264428622,0.686957558845597,1.0555555555555556,0.9256705846099288,1.0,1.1706231982345168,77591.50063497931,52698.0046673835,1780.9938628430064,1577.7775464307401
87,1582,5.670892044966688,185531.9317996724,0,-5.932524184884118,0.7365999999999999,0.1126179113424616,0.31429515950781756,172.40900474034748,155.41790471927283,508.0,18.0,47327.67444305798,30699.301841323966,0.6856961988611461,1.0526315789473684,0.9256705846099288,1.0,1.1698169081069878,78774.965476903,55006.21158242192,1780.9938628430064,1575.464115191891
87,1690,5.670892044966688,185675.07507652155,0,-5.555798308348505,0.7365999999999999,0.12470888587160807,0.3136250453831545,172.40900474034748,155.9475010613968,508.0,18.0,47327.67444305798,30764.89620658275,0.6892040213476488,1.0526315789473684,0.928689987854111,1.0,1.1477122179153407,78774.965476903,55149.35485927108,1780.9938628430064,1560.7068580402813
87,1483,5.670892044966688,185708.927730727,0,-5.9594794132801905,0.7365999999999999,0.1124030107507356,0.31379552732025423,172.40900474034748,155.38014926889852,508.0,18.0,47327.67444305798,30748.18194954805,0.6852676869443435,1.0526315789473684,0.9256705846099288,1.0,1.1701979620724379,78774.965476903,55183.20751347652,1780.9938628430064,1576.5268388610482
87,1515,5.670892044966688,185750.0380657533,0,-5.578403798225192,0.7365999999999999,0.12421918811397212,0.3136250453831545,172.40900474034748,155.9156207887988,508.0,18.0,47327.67444305798,30764.89620658275,0.6890406446681847,1.0526315789473684,0.928689987854111,1.0,1.148632021012315,78774.965476903,55224.31784850281,1780.9938628430064,1561.5873805640992
87,1718,5.670892044966688,185763.75418257626,0,-5.587716229404229,0.7365999999999999,0.12393026944891149,0.31373365568188205,172.40900474034748,155.90249136052378,508.0,18.0,47327.67444305798,30754.2458204772,0.6890218849914194,1.0526315789473684,0.928689987854111,1.0,1.1491737590844093,78774.965476903,55238.03396532578,1780.9938628430064,1561.9502999192841
87,1346,5.670892044966688,185764.8739114395,0,-5.587860954992857,0.7365999999999999,0.12393026944891149,0.31372970754231144,172.40900474034748,155.90228733198362,508.0,18.0,47327.67444305798,30754.63284807442,0.6890190662730296,1.0526315789473684,0.928689987854111,1.0,1.1491737590844093,78774.965476903,55239.15369418904,1780.9938628430064,1561.9559409404105
87,1688,5.670892044966688,185764.8739114395,0,-5.587860954992857,0.7365999999999999,0.12393026944891149,0.31372970754231144,172.40900474034748,155.90228733198362,508.0,18.0,47327.67444305798,30754.63284807442,0.6890190662730296,1.0526315789473684,0.928689987854111,1.0,1.1491737590844093,78774.965476903,55239.15369418904,1780.9938628430064,1561.9559409404105
87,1646,5.544613641397953,186374.53768997235,0,-4.142093836907408,0.7365999999999999,0.11216290702147853,0.29558664504764276,168.56983204814128,154.4498791639801,508.0,18.0,47327.67444305798,32642.347449230598,0.67156962965473,1.0526315789473684,0.9256705846099288,1.0,1.1706231982345168,77623.53305164225,60839.422590188806,1780.9938628430064,1603.172188132432
87,1644,5.670892044966688,186388.76067848515,0,-5.646943083017968,0.7365999999999999,0.12472000034552025,0.31112891083287647,172.40900474034748,155.81904021604075,508.0,18.0,47327.67444305798,31011.717757660714,0.6874158067016527,1.0526315789473684,0.928689987854111,1.0,1.1476913183035609,78774.965476903,55863.040461234676,1780.9938628430064,1564.260978473723
87,1720,5.670892044966688,186389.37024562026,0,-5.647126168388713,0.7365999999999999,0.1247160306700291,0.31112891083287647,172.40900474034748,155.81878238569544,508.0,18.0,47327.67444305798,31011.717757660714,0.6874144776238221,1.0526315789473684,0.928689987854111,1.0,1.1476987829833885,78774.965476903,55863.65002836977,1780.9938628430064,1564.2681281314685
87,1438,5.670892044966688,186391.10063413432,0,-5.647239798778605,0.7365999999999999,0.12472000034552025,0.31112083442137,172.40900474034748,155.81862236589714,508.0,18.0,47327.67444305798,31012.522793410248,0.6874099767940576,1.0526315789473684,0.928689987854111,1.0,1.1476913183035609,78774.965476903,55865.38041688384,1780.9938628430064,1564.2725655271672
87,1523,5.670892044966688,186764.875549867,0,-5.991172951887979,0.7365999999999999,0.11216290702147853,0.3162698260787952,172.40900474034748,155.33578045443548,508.0,17.0,47327.67444305798,30507.627264428622,0.686957558845597,1.0555555555555556,0.9256705846099288,1.0,1.1706231982345168,78774.965476903,52698.0046673835,1780.9938628430064,1577.7775464307401
87,1666,5.670892044966688,186801.11715728146,0,-5.698925200271129,0.7365999999999999,0.12472000034552025,0.309714377491407,172.40900474034748,155.74587054791496,508.0,18.0,47327.67444305798,31153.35505942166,0.6863915600242925,1.0526315789473684,0.928689987854111,1.0,1.1476913183035609,78774.965476903,56275.39694003099,1780.9938628430064,1566.292605626394
87,1536,5.406300418366228,186826.71389708895,0,-1.7775242851701138,0.7365999999999999,0.12586293410944552,0.3110248521297633,161.77634977760425,151.50786727883772,500.0,17.0,48084.9172341469,31022.09326016181,0.6897780788730224,1.0555555555555556,0.9228234636957594,1.0,1.1455366761698422,78640.09539179315,41868.64127230845,1803.7543409380582,1673.618869183115
87,1538,5.670892044966688,186931.7710362029,0,-5.529484078906769,0.7365999999999999,0.12585087522807667,0.3159241721611633,172.40900474034748,155.98462815339394,508.0,17.0,47327.67444305798,30541.00578310755,0.6912177799266207,1.0555555555555556,0.928689987854111,1.0,1.14555946581135,78774.965476903,52531.10918104756,1780.9938628430064,1559.6826708640147
87,1144,5.670892044966688,186940.9950729807,0,-5.528226610687428,0.7365999999999999,0.12585087522807667,0.3159584343727482,172.40900474034748,155.98640277439912,508.0,17.0,47327.67444305798,30537.693947472482,0.6912419786363221,1.0555555555555556,0.928689987854111,1.0,1.14555946581135,78774.965476903,52521.88514426979,1780.9938628430064,1559.6337498665803
87,1619,5.670892044966688,186940.9950729807,0,-5.528226610687428,0.7365999999999999,0.12585087522807667,0.3159584343727482,172.40900474034748,155.98640277439912,508.0,17.0,47327.67444305798,30537.693947472482,0.6912419786363221,1.0555555555555556,0.928689987854111,1.0,1.14555946581135,78774.965476903,52521.88514426979,1780.9938628430064,1559.6337498665803
87,1398,5.670892044966688,186983.2637839546,0,-5.812459932173473,0.7365999999999999,0.12116090583479755,0.3110248521297633,172.40900474034748,155.58629854970846,508.0,18.0,47327.67444305798,31022.09326016181,0.6861530323297984,1.0526315789473684,0.928689987854111,1.0,1.1543307092537898,78774.965476903,56457.54356670412,1780.9938628430064,1570.7416337420739
88,1748,5.524962981318024,179265.00953968652,0,-3.049601791757489,0.7365999999999999,0.12161028738968921,0.3110191888232514,167.97240386223908,155.45860519316858,508.0,17.0,47327.67444305798,31022.658137279002,0.6862984369852182,1.0555555555555556,0.928689987854111,1.0,1.1534983311645521,77444.35429617524,54506.50138127223,1780.9938628430064,1574.320099883827
88,1710,5.524962981318024,179331.9842072855,0,-3.068840389492209,0.7365999999999999,0.12116487551028869,0.3110248521297633,167.97240386223908,155.43093018935681,508.0,17.0,47327.67444305798,31022.09326016181,0.6861543524012748,1.0555555555555556,0.928689987854111,1.0,1.1543233639051076,77444.35429617524,54573.476048871235,1780.9938628430064,1575.0978123706018
88,1627,5.54110062374281,181635.43367653334,0,-3.450884410596336,0.7365999999999999,0.11216290702147853,0.3162698260787952,168.46302770893752,155.33578045443548,508.0,17.0,47327.67444305798,30507.627264428622,0.686957558845597,1.0555555555555556,0.9256705846099288,1.0,1.1706231982345168,77591.50063497931,52698.0046673835,1780.9938628430064,1577.7775464307401
88,1582,5.670892044966688,185531.9317996724,0,-5.932524184884118,0.7365999999999999,0.1126179113424616,0.31429515950781756,172.40900474034748,155.41790471927283,508.0,18.0,47327.67444305798,30699.301841323966,0.6856961988611461,1.0526315789473684,0.9256705846099288,1.0,1.1698169081069878,78774.965476903,55006.21158242192,1780.9938628430064,1575.464115191891
88,1690,5.670892044966688,185675.07507652155,0,-5.555798308348505,0.7365999999999999,0.12470888587160807,0.3136250453831545,172.40900474034748,155.9475010613968,508.0,18.0,47327.67444305798,30764.89620658275,0.6892040213476488,1.0526315789473684,0.928689987854111,1.0,1.1477122179153407,78774.965476903,55149.35485927108,1780.9938628430064,1560.7068580402813
88,1483,5.670892044966688,185708.927730727,0,-5.9594794132801905,0.7365999999999999,0.1124030107507356,0.31379552732025423,172.40900474034748,155.38014926889852,508.0,18.0,47327.67444305798,30748.18194954805,0.6852676869443435,1.0526315789473684,0.9256705846099288,1.0,1.1701979620724379,78774.965476903,55183.20751347652,1780.9938628430064,1576.5268388610482
88,1515,5.670892044966688,185750.0380657533,0,-5.578403798225192,0.7365999999999999,0.12421918811397212,0.3136250453831545,172.40900474034748,155.9156207887988,508.0,18.0,47327.67444305798,30764.89620658275,0.6890406446681847,1.0526315789473684,0.928689987854111,1.0,1.148632021012315,78774.965476903,55224.31784850281,1780.9938628430064,1561.5873805640992
88,1718,5.670892044966688,185763.75418257626,0,-5.587716229404229,0.7365999999999999,0.12393026944891149,0.31373365568188205,172.40900474034748,155.90249136052378,508.0,18.0,47327.67444305798,30754.2458204772,0.6890218849914194,1.0526315789473684,0.928689987854111,1.0,1.1491737590844093,78774.965476903,55238.03396532578,1780.9938628430064,1561.9502999192841
88,1754,5.670892044966688,185763.75418257626,0,-5.587716229404229,0.7365999999999999,0.12393026944891149,0.31373365568188205,172.40900474034748,155.90249136052378,508.0,18.0,47327.67444305798,30754.2458204772,0.6890218849914194,1.0526315789473684,0.928689987854111,1.0,1.1491737590844093,78774.965476903,55238.03396532578,1780.9938628430064,1561.9502999192841
88,1346,5.670892044966688,185764.8739114395,0,-5.587860954992857,0.7365999999999999,0.12393026944891149,0.31372970754231144,172.40900474034748,155.90228733198362,508.0,18.0,47327.67444305798,30754.63284807442,0.6890190662730296,1.0526315789473684,0.928689987854111,1.0,1.1491737590844093,78774.965476903,55239.15369418904,1780.9938628430064,1561.9559409404105
88,1688,5.670892044966688,185764.8739114395,0,-5.587860954992857,0.7365999999999999,0.12393026944891149,0.31372970754231144,172.40900474034748,155.90228733198362,508.0,18.0,47327.67444305798,30754.63284807442,0.6890190662730296,1.0526315789473684,0.928689987854111,1.0,1.1491737590844093,78774.965476903,55239.15369418904,1780.9938628430064,1561.9559409404105
88,1646,5.544613641397953,186374.53768997235,0,-4.142093836907408,0.7365999999999999,0.11216290702147853,0.29558664504764276,168.56983204814128,154.4498791639801,508.0,18.0,47327.67444305798,32642.347449230598,0.67156962965473,1.0526315789473684,0.9256705846099288,1.0,1.1706231982345168,77623.53305164225,60839.422590188806,1780.9938628430064,1603.172188132432
88,1644,5.670892044966688,186388.76067848515,0,-5.646943083017968,0.7365999999999999,0.12472000034552025,0.31112891083287647,172.40900474034748,155.81904021604075,508.0,18.0,47327.67444305798,31011.717757660714,0.6874158067016527,1.0526315789473684,0.928689987854111,1.0,1.1476913183035609,78774.965476903,55863.040461234676,1780.9938628430064,1564.260978473723
88,1720,5.670892044966688,186389.37024562026,0,-5.647126168388713,0.7365999999999999,0.1247160306700291,0.31112891083287647,172.40900474034748,155.81878238569544,508.0,18.0,47327.67444305798,31011.717757660714,0.6874144776238221,1.0526315789473684,0.928689987854111,1.0,1.1476987829833885,78774.965476903,55863.65002836977,1780.9938628430064,1564.2681281314685
88,1438,5.670892044966688,186391.10063413432,0,-5.647239798778605,0.7365999999999999,0.12472000034552025,0.31112083442137,172.40900474034748,155.81862236589714,508.0,18.0,47327.67444305798,31012.522793410248,0.6874099767940576,1.0526315789473684,0.928689987854111,1.0,1.1476913183035609,78774.965476903,55865.38041688384,1780.9938628430064,1564.2725655271672
88,1523,5.670892044966688,186764.875549867,0,-5.991172951887979,0.7365999999999999,0.11216290702147853,0.3162698260787952,172.40900474034748,155.33578045443548,508.0,17.0,47327.67444305798,30507.627264428622,0.686957558845597,1.0555555555555556,0.9256705846099288,1.0,1.1706231982345168,78774.965476903,52698.0046673835,1780.9938628430064,1577.7775464307401
88,1666,5.670892044966688,186801.11715728146,0,-5.698925200271129,0.7365999999999999,0.12472000034552025,0.309714377491407,172.40900474034748,155.74587054791496,508.0,18.0,47327.67444305798,31153.35505942166,0.6863915600242925,1.0526315789473684,0.928689987854111,1.0,1.1476913183035609,78774.965476903,56275.39694003099,1780.9938628430064,1566.292605626394
88,1536,5.406300418366228,186826.71389708895,0,-1.7775242851701138,0.7365999999999999,0.12586293410944552,0.3110248521297633,161.77634977760425,151.50786727883772,500.0,17.0,48084.9172341469,31022.09326016181,0.6897780788730224,1.0555555555555556,0.9228234636957594,1.0,1.1455366761698422,78640.09539179315,41868.64127230845,1803.7543409380582,1673.618869183115
88,1538,5.670892044966688,186931.7710362029,0,-5.529484078906769,0.7365999999999999,0.12585087522807667,0.3159241721611633,172.40900474034748,155.98462815339394,508.0,17.0,47327.67444305798,30541.00578310755,0.6912177799266207,1.0555555555555556,0.928689987854111,1.0,1.14555946581135,78774.965476903,52531.10918104756,1780.9938628430064,1559.6826708640147
88,1144,5.670892044966688,186940.9950729807,0,-5.528226610687428,0.7365999999999999,0.12585087522807667,0.3159584343727482,172.40900474034748,155.98640277439912,508.0,17.0,47327.67444305798,30537.693947472482,0.6912419786363221,1.0555555555555556,0.928689987854111,1.0,1.14555946581135,78774.965476903,52521.88514426979,1780.9938628430064,1559.6337498665803
89,1748,5.524962981318024,179265.00953968652,0,-3.049601791757489,0.7365999999999999,0.12161028738968921,0.3110191888232514,167.97240386223908,155.45860519316858,508.0,17.0,47327.67444305798,31022.658137279002,0.6862984369852182,1.0555555555555556,0.928689987854111,1.0,1.1534983311645521,77444.35429617524,54506.50138127223,1780.9938628430064,1574.320099883827
89,1710,5.524962981318024,179331.9842072855,0,-3.068840389492209,0.7365999999999999,0.12116487551028869,0.3110248521297633,167.97240386223908,155.43093018935681,508.0,17.0,47327.67444305798,31022.09326016181,0.6861543524012748,1.0555555555555556,0.928689987854111,1.0,1.1543233639051076,77444.35429617524,54573.476048871235,1780.9938628430064,1575.0978123706018
89,1627,5.54110062374281,181635.43367653334,0,-3.450884410596336,0.7365999999999999,0.11216290702147853,0.3162698260787952,168.46302770893752,155.33578045443548,508.0,17.0,47327.67444305798,30507.627264428622,0.686957558845597,1.0555555555555556,0.9256705846099288,1.0,1.1706231982345168,77591.50063497931,52698.0046673835,1780.9938628430064,1577.7775464307401
89,1582,5.670892044966688,185531.9317996724,0,-5.932524184884118,0.7365999999999999,0.1126179113424616,0.31429515950781756,172.40900474034748,155.41790471927283,508.0,18.0,47327.67444305798,30699.301841323966,0.6856961988611461,1.0526315789473684,0.9256705846099288,1.0,1.1698169081069878,78774.965476903,55006.21158242192,1780.9938628430064,1575.464115191891
89,1690,5.670892044966688,185675.07507652155,0,-5.555798308348505,0.7365999999999999,0.12470888587160807,0.3136250453831545,172.40900474034748,155.9475010613968,508.0,18.0,47327.67444305798,30764.89620658275,0.6892040213476488,1.0526315789473684,0.928689987854111,1.0,1.1477122179153407,78774.965476903,55149.35485927108,1780.9938628430064,1560.7068580402813
89,1483,5.670892044966688,185708.927730727,0,-5.9594794132801905,0.7365999999999999,0.1124030107507356,0.31379552732025423,172.40900474034748,155.38014926889852,508.0,18.0,47327.67444305798,30748.18194954805,0.6852676869443435,1.0526315789473684,0.9256705846099288,1.0,1.1701979620724379,78774.965476903,55183.20751347652,1780.9938628430064,1576.5268388610482
89,1515,5.670892044966688,185750.0380657533,0,-5.578403798225192,0.7365999999999999,0.12421918811397212,0.3136250453831545,172.40900474034748,155.9156207887988,508.0,18.0,47327.67444305798,30764.89620658275,0.6890406446681847,1.0526315789473684,0.928689987854111,1.0,1.148632021012315,78774.965476903,55224.31784850281,1780.9938628430064,1561.5873805640992
89,1718,5.670892044966688,185763.75418257626,0,-5.587716229404229,0.7365999999999999,0.12393026944891149,0.31373365568188205,172.40900474034748,155.90249136052378,508.0,18.0,47327.67444305798,30754.2458204772,0.6890218849914194,1.0526315789473684,0.928689987854111,1.0,1.1491737590844093,78774.965476903,55238.03396532578,1780.9938628430064,1561.9502999192841
89,1754,5.670892044966688,185763.75418257626,0,-5.587716229404229,0.7365999999999999,0.12393026944891149,0.31373365568188205,172.40900474034748,155.90249136052378,508.0,18.0,47327.67444305798,30754.2458204772,0.6890218849914194,1.0526315789473684,0.928689987854111,1.0,1.1491737590844093,78774.965476903,55238.03396532578,1780.9938628430064,1561.9502999192841
89,1346,5.670892044966688,185764.8739114395,0,-5.587860954992857,0.7365999999999999,0.12393026944891149,0.31372970754231144,172.40900474034748,155.90228733198362,508.0,18.0,47327.67444305798,30754.63284807442,0.6890190662730296,1.0526315789473684,0.928689987854111,1.0,1.1491737590844093,78774.965476903,55239.15369418904,1780.9938628430064,1561.9559409404105
89,1688,5.670892044966688,185764.8739114395,0,-5.587860954992857,0.7365999999999999,0.12393026944891149,0.31372970754231144,172.40900474034748,155.90228733198362,508.0,18.0,47327.67444305798,30754.63284807442,0.6890190662730296,1.0526315789473684,0.928689987854111,1.0,1.1491737590844093,78774.965476903,55239.15369418904,1780.9938628430064,1561.9559409404105
89,1646,5.544613641397953,186374.53768997235,0,-4.142093836907408,0.7365999999999999,0.11216290702147853,0.29558664504764276,168.56983204814128,154.4498791639801,508.0,18.0,47327.67444305798,32642.347449230598,0.67156962965473,1.0526315789473684,0.9256705846099288,1.0,1.1706231982345168,77623.53305164225,60839.422590188806,1780.9938628430064,1603.172188132432
89,1644,5.670892044966688,186388.76067848515,0,-5.646943083017968,0.7365999999999999,0.12472000034552025,0.31112891083287647,172.40900474034748,155.81904021604075,508.0,18.0,47327.67444305798,31011.717757660714,0.6874158067016527,1.0526315789473684,0.928689987854111,1.0,1.1476913183035609,78774.965476903,55863.040461234676,1780.9938628430064,1564.260978473723
89,1720,5.670892044966688,186389.37024562026,0,-5.647126168388713,0.7365999999999999,0.1247160306700291,0.31112891083287647,172.40900474034748,155.81878238569544,508.0,18.0,47327.67444305798,31011.717757660714,0.6874144776238221,1.0526315789473684,0.928689987854111,1.0,1.1476987829833885,78774.965476903,55863.65002836977,1780.9938628430064,1564.2681281314685
89,1438,5.670892044966688,186391.10063413432,0,-5.647239798778605,0.7365999999999999,0.12472000034552025,0.31112083442137,172.40900474034748,155.81862236589714,508.0,18.0,47327.67444305798,31012.522793410248,0.6874099767940576,1.0526315789473684,0.928689987854111,1.0,1.1476913183035609,78774.965476903,55865.38041688384,1780.9938628430064,1564.2725655271672
89,1778,5.670892044966688,186512.4250206818,0,-6.0645406351081075,0.7365999999999999,0.11219600602921344,0.31112083442137,172.40900474034748,155.2331678089596,508.0,18.0,47327.67444305798,31012.522793410248,0.6832674551482614,1.0526315789473684,0.9256705846099288,1.0,1.1705646100186784,78774.965476903,55986.70480343135,1780.9938628430064,1580.6776986665136
89,1523,5.670892044966688,186764.875549867,0,-5.991172951887979,0.7365999999999999,0.11216290702147853,0.3162698260787952,172.40900474034748,155.33578045443548,508.0,17.0,47327.67444305798,30507.627264428622,0.686957558845597,1.0555555555555556,0.9256705846099288,1.0,1.1706231982345168,78774.965476903,52698.0046673835,1780.9938628430064,1577.7775464307401
89,1666,5.670892044966688,186801.11715728146,0,-5.698925200271129,0.7365999999999999,0.12472000034552025,0.309714377491407,172.40900474034748,155.74587054791496,508.0,18.0,47327.67444305798,31153.35505942166,0.6863915600242925,1.0526315789473684,0.928689987854111,1.0,1.1476913183035609,78774.965476903,56275.39694003099,1780.9938628430064,1566.292605626394
89,1536,5.406300418366228,186826.71389708895,0,-1.7775242851701138,0.7365999999999999,0.12586293410944552,0.3110248521297633,161.77634977760425,151.50786727883772,500.0,17.0,48084.9172341469,31022.09326016181,0.6897780788730224,1.0555555555555556,0.9228234636957594,1.0,1.1455366761698422,78640.09539179315,41868.64127230845,1803.7543409380582,1673.618869183115
89,1538,5.670892044966688,186931.7710362029,0,-5.529484078906769,0.7365999999999999,0.12585087522807667,0.3159241721611633,172.40900474034748,155.98462815339394,508.0,17.0,47327.67444305798,30541.00578310755,0.6912177799266207,1.0555555555555556,0.928689987854111,1.0,1.14555946581135,78774.965476903,52531.10918104756,1780.9938628430064,1559.6826708640147
90,1748,5.524962981318024,179265.00953968652,0,-3.049601791757489,0.7365999999999999,0.12161028738968921,0.3110191888232514,167.97240386223908,155.45860519316858,508.0,17.0,47327.67444305798,31022.658137279002,0.6862984369852182,1.0555555555555556,0.928689987854111,1.0,1.1534983311645521,77444.35429617524,54506.50138127223,1780.9938628430064,1574.320099883827
90,1710,5.524962981318024,179331.9842072855,0,-3.068840389492209,0.7365999999999999,0.12116487551028869,0.3110248521297633,167.97240386223908,155.43093018935681,508.0,17.0,47327.67444305798,31022.09326016181,0.6861543524012748,1.0555555555555556,0.928689987854111,1.0,1.1543233639051076,77444.35429617524,54573.476048871235,1780.9938628430064,1575.0978123706018
90,1627,5.54110062374281,181635.43367653334,0,-3.450884410596336,0.7365999999999999,0.11216290702147853,0.3162698260787952,168.46302770893752,155.33578045443548,508.0,17.0,47327.67444305798,30507.627264428622,0.686957558845597,1.0555555555555556,0.9256705846099288,1.0,1.1706231982345168,77591.50063497931,52698.0046673835,1780.9938628430064,1577.7775464307401
90,1582,5.670892044966688,185531.9317996724,0,-5.932524184884118,0.7365999999999999,0.1126179113424616,0.31429515950781756,172.40900474034748,155.41790471927283,508.0,18.0,47327.67444305798,30699.301841323966,0.6856961988611461,1.0526315789473684,0.9256705846099288,1.0,1.1698169081069878,78774.965476903,55006.21158242192,1780.9938628430064,1575.464115191891
90,1690,5.670892044966688,185675.07507652155,0,-5.555798308348505,0.7365999999999999,0.12470888587160807,0.3136250453831545,172.40900474034748,155.9475010613968,508.0,18.0,47327.67444305798,30764.89620658275,0.6892040213476488,1.0526315789473684,0.928689987854111,1.0,1.1477122179153407,78774.965476903,55149.35485927108,1780.9938628430064,1560.7068580402813
90,1483,5.670892044966688,185708.927730727,0,-5.9594794132801905,0.7365999999999999,0.1124030107507356,0.31379552732025423,172.40900474034748,155.38014926889852,508.0,18.0,47327.67444305798,30748.18194954805,0.6852676869443435,1.0526315789473684,0.9256705846099288,1.0,1.1701979620724379,78774.965476903,55183.20751347652,1780.9938628430064,1576.5268388610482
90,1515,5.670892044966688,185750.0380657533,0,-5.578403798225192,0.7365999999999999,0.12421918811397212,0.3136250453831545,172.40900474034748,155.9156207887988,508.0,18.0,47327.67444305798,30764.89620658275,0.6890406446681847,1.0526315789473684,0.928689987854111,1.0,1.148632021012315,78774.965476903,55224.31784850281,1780.9938628430064,1561.5873805640992
90,1718,5.670892044966688,185763.75418257626,0,-5.587716229404229,0.7365999999999999,0.12393026944891149,0.31373365568188205,172.40900474034748,155.90249136052378,508.0,18.0,47327.67444305798,30754.2458204772,0.6890218849914194,1.0526315789473684,0.928689987854111,1.0,1.1491737590844093,78774.965476903,55238.03396532578,1780.9938628430064,1561.9502999192841
90,1754,5.670892044966688,185763.75418257626,0,-5.587716229404229,0.7365999999999999,0.12393026944891149,0.31373365568188205,172.40900474034748,155.90249136052378,508.0,18.0,47327.67444305798,30754.2458204772,0.6890218849914194,1.0526315789473684,0.928689987854111,1.0,1.1491737590844093,78774.965476903,55238.03396532578,1780.9938628430064,1561.9502999192841
90,1346,5.670892044966688,185764.8739114395,0,-5.587860954992857,0.7365999999999999,0.12393026944891149,0.31372970754231144,172.40900474034748,155.90228733198362,508.0,18.0,47327.67444305798,30754.63284807442,0.6890190662730296,1.0526315789473684,0.928689987854111,1.0,1.1491737590844093,78774.965476903,55239.15369418904,1780.9938628430064,1561.9559409404105
90,1688,5.670892044966688,185764.8739114395,0,-5.587860954992857,0.7365999999999999,0.12393026944891149,0.31372970754231144,172.40900474034748,155.90228733198362,508.0,18.0,47327.67444305798,30754.63284807442,0.6890190662730296,1.0526315789473684,0.928689987854111,1.0,1.1491737590844093,78774.965476903,55239.15369418904,1780.9938628430064,1561.9559409404105
90,1646,5.544613641397953,186374.53768997235,0,-4.142093836907408,0.7365999999999999,0.11216290702147853,0.29558664504764276,168.56983204814128,154.4498791639801,508.0,18.0,47327.67444305798,32642.347449230598,0.67156962965473,1.0526315789473684,0.9256705846099288,1.0,1.1706231982345168,77623.53305164225,60839.422590188806,1780.9938628430064,1603.172188132432
90,1644,5.670892044966688,186388.76067848515,0,-5.646943083017968,0.7365999999999999,0.12472000034552025,0.31112891083287647,172.40900474034748,155.81904021604075,508.0,18.0,47327.67444305798,31011.717757660714,0.6874158067016527,1.0526315789473684,0.928689987854111,1.0,1.1476913183035609,78774.965476903,55863.040461234676,1780.9938628430064,1564.260978473723
90,1720,5.670892044966688,186389.37024562026,0,-5.647126168388713,0.7365999999999999,0.1247160306700291,0.31112891083287647,172.40900474034748,155.81878238569544,508.0,18.0,47327.67444305798,31011.717757660714,0.6874144776238221,1.0526315789473684,0.928689987854111,1.0,1.1476987829833885,78774.965476903,55863.65002836977,1780.9938628430064,1564.2681281314685
90,1438,5.670892044966688,186391.10063413432,0,-5.647239798778605,0.7365999999999999,0.12472000034552025,0.31112083442137,172.40900474034748,155.81862236589714,508.0,18.0,47327.67444305798,31012.522793410248,0.6874099767940576,1.0526315789473684,0.928689987854111,1.0,1.1476913183035609,78774.965476903,55865.38041688384,1780.9938628430064,1564.2725655271672
90,1778,5.670892044966688,186512.4250206818,0,-6.0645406351081075,0.7365999999999999,0.11219600602921344,0.31112083442137,172.40900474034748,155.2331678089596,508.0,18.0,47327.67444305798,31012.522793410248,0.6832674551482614,1.0526315789473684,0.9256705846099288,1.0,1.1705646100186784,78774.965476903,55986.70480343135,1780.9938628430064,1580.6776986665136
90,1523,5.670892044966688,186764.875549867,0,-5.991172951887979,0.7365999999999999,0.11216290702147853,0.3162698260787952,172.40900474034748,155.33578045443548,508.0,17.0,47327.67444305798,30507.627264428622,0.686957558845597,1.0555555555555556,0.9256705846099288,1.0,1.1706231982345168,78774.965476903,52698.0046673835,1780.9938628430064,1577.7775464307401
90,1666,5.670892044966688,186801.11715728146,0,-5.698925200271129,0.7365999999999999,0.12472000034552025,0.309714377491407,172.40900474034748,155.74587054791496,508.0,18.0,47327.67444305798,31153.35505942166,0.6863915600242925,1.0526315789473684,0.928689987854111,1.0,1.1476913183035609,78774.965476903,56275.39694003099,1780.9938628430064,1566.292605626394
90,1536,5.406300418366228,186826.71389708895,0,-1.7775242851701138,0.7365999999999999,0.12586293410944552,0.3110248521297633,161.77634977760425,151.50786727883772,500.0,17.0,48084.9172341469,31022.09326016181,0.6897780788730224,1.0555555555555556,0.9228234636957594,1.0,1.1455366761698422,78640.09539179315,41868.64127230845,1803.7543409380582,1673.618869183115
90,1538,5.670892044966688,186931.7710362029,0,-5.529484078906769,0.7365999999999999,0.12585087522807667,0.3159241721611633,172.40900474034748,155.98462815339394,508.0,17.0,47327.67444305798,30541.00578310755,0.6912177799266207,1.0555555555555556,0.928689987854111,1.0,1.14555946581135,78774.965476903,52531.10918104756,1780.9938628430064,1559.6826708640147
91,1748,5.524962981318024,179265.00953968652,0,-3.049601791757489,0.7365999999999999,0.12161028738968921,0.3110191888232514,167.97240386223908,155.45860519316858,508.0,17.0,47327.67444305798,31022.658137279002,0.6862984369852182,1.0555555555555556,0.928689987854111,1.0,1.1534983311645521,77444.35429617524,54506.50138127223,1780.9938628430064,1574.320099883827
91,1710,5.524962981318024,179331.9842072855,0,-3.068840389492209,0.7365999999999999,0.12116487551028869,0.3110248521297633,167.97240386223908,155.43093018935681,508.0,17.0,47327.67444305798,31022.09326016181,0.6861543524012748,1.0555555555555556,0.928689987854111,1.0,1.1543233639051076,77444.35429617524,54573.476048871235,1780.9938628430064,1575.0978123706018
91,1627,5.54110062374281,181635.43367653334,0,-3.450884410596336,0.7365999999999999,0.11216290702147853,0.3162698260787952,168.46302770893752,155.33578045443548,508.0,17.0,47327.67444305798,30507.627264428622,0.686957558845597,1.0555555555555556,0.9256705846099288,1.0,1.1706231982345168,77591.50063497931,52698.0046673835,1780.9938628430064,1577.7775464307401
91,1582,5.670892044966688,185531.9317996724,0,-5.932524184884118,0.7365999999999999,0.1126179113424616,0.31429515950781756,172.40900474034748,155.41790471927283,508.0,18.0,47327.67444305798,30699.301841323966,0.6856961988611461,1.0526315789473684,0.9256705846099288,1.0,1.1698169081069878,78774.965476903,55006.21158242192,1780.9938628430064,1575.464115191891
91,1690,5.670892044966688,185675.07507652155,0,-5.555798308348505,0.7365999999999999,0.12470888587160807,0.3136250453831545,172.40900474034748,155.9475010613968,508.0,18.0,47327.67444305798,30764.89620658275,0.6892040213476488,1.0526315789473684,0.928689987854111,1.0,1.1477122179153407,78774.965476903,55149.35485927108,1780.9938628430064,1560.7068580402813
91,1483,5.670892044966688,185708.927730727,0,-5.9594794132801905,0.7365999999999999,0.1124030107507356,0.31379552732025423,172.40900474034748,155.38014926889852,508.0,18.0,47327.67444305798,30748.18194954805,0.6852676869443435,1.0526315789473684,0.9256705846099288,1.0,1.1701979620724379,78774.965476903,55183.20751347652,1780.9938628430064,1576.5268388610482
91,1515,5.670892044966688,185750.0380657533,0,-5.578403798225192,0.7365999999999999,0.12421918811397212,0.3136250453831545,172.40900474034748,155.9156207887988,508.0,18.0,47327.67444305798,30764.89620658275,0.6890406446681847,1.0526315789473684,0.928689987854111,1.0,1.148632021012315,78774.965476903,55224.31784850281,1780.9938628430064,1561.5873805640992
91,1718,5.670892044966688,185763.75418257626,0,-5.587716229404229,0.7365999999999999,0.12393026944891149,0.31373365568188205,172.40900474034748,155.90249136052378,508.0,18.0,47327.67444305798,30754.2458204772,0.6890218849914194,1.0526315789473684,0.928689987854111,1.0,1.1491737590844093,78774.965476903,55238.03396532578,1780.9938628430064,1561.9502999192841
91,1754,5.670892044966688,185763.75418257626,0,-5.587716229404229,0.7365999999999999,0.12393026944891149,0.31373365568188205,172.40900474034748,155.90249136052378,508.0,18.0,47327.67444305798,30754.2458204772,0.6890218849914194,1.0526315789473684,0.928689987854111,1.0,1.1491737590844093,78774.965476903,55238.03396532578,1780.9938628430064,1561.9502999192841
91,1346,5.670892044966688,185764.8739114395,0,-5.587860954992857,0.7365999999999999,0.12393026944891149,0.31372970754231144,172.40900474034748,155.90228733198362,508.0,18.0,47327.67444305798,30754.63284807442,0.6890190662730296,1.0526315789473684,0.928689987854111,1.0,1.1491737590844093,78774.965476903,55239.15369418904,1780.9938628430064,1561.9559409404105
91,1688,5.670892044966688,185764.8739114395,0,-5.587860954992857,0.7365999999999999,0.12393026944891149,0.31372970754231144,172.40900474034748,155.90228733198362,508.0,18.0,47327.67444305798,30754.63284807442,0.6890190662730296,1.0526315789473684,0.928689987854111,1.0,1.1491737590844093,78774.965476903,55239.15369418904,1780.9938628430064,1561.9559409404105
91,1646,5.544613641397953,186374.53768997235,0,-4.142093836907408,0.7365999999999999,0.11216290702147853,0.29558664504764276,168.56983204814128,154.4498791639801,508.0,18.0,47327.67444305798,32642.347449230598,0.67156962965473,1.0526315789473684,0.9256705846099288,1.0,1.1706231982345168,77623.53305164225,60839.422590188806,1780.9938628430064,1603.172188132432
91,1644,5.670892044966688,186388.76067848515,0,-5.646943083017968,0.7365999999999999,0.12472000034552025,0.31112891083287647,172.40900474034748,155.81904021604075,508.0,18.0,47327.67444305798,31011.717757660714,0.6874158067016527,1.0526315789473684,0.928689987854111,1.0,1.1476913183035609,78774.965476903,55863.040461234676,1780.9938628430064,1564.260978473723
91,1720,5.670892044966688,186389.37024562026,0,-5.647126168388713,0.7365999999999999,0.1247160306700291,0.31112891083287647,172.40900474034748,155.81878238569544,508.0,18.0,47327.67444305798,31011.717757660714,0.6874144776238221,1.0526315789473684,0.928689987854111,1.0,1.1476987829833885,78774.965476903,55863.65002836977,1780.9938628430064,1564.2681281314685
91,1438,5.670892044966688,186391.10063413432,0,-5.647239798778605,0.7365999999999999,0.12472000034552025,0.31112083442137,172.40900474034748,155.81862236589714,508.0,18.0,47327.67444305798,31012.522793410248,0.6874099767940576,1.0526315789473684,0.928689987854111,1.0,1.1476913183035609,78774.965476903,55865.38041688384,1780.9938628430064,1564.2725655271672
91,1778,5.670892044966688,186512.4250206818,0,-6.0645406351081075,0.7365999999999999,0.11219600602921344,0.31112083442137,172.40900474034748,155.2331678089596,508.0,18.0,47327.67444305798,31012.522793410248,0.6832674551482614,1.0526315789473684,0.9256705846099288,1.0,1.1705646100186784,78774.965476903,55986.70480343135,1780.9938628430064,1580.6776986665136
91,1523,5.670892044966688,186764.875549867,0,-5.991172951887979,0.7365999999999999,0.11216290702147853,0.3162698260787952,172.40900474034748,155.33578045443548,508.0,17.0,47327.67444305798,30507.627264428622,0.686957558845597,1.0555555555555556,0.9256705846099288,1.0,1.1706231982345168,78774.965476903,52698.0046673835,1780.9938628430064,1577.7775464307401
91,1666,5.670892044966688,186801.11715728146,0,-5.698925200271129,0.7365999999999999,0.12472000034552025,0.309714377491407,172.40900474034748,155.74587054791496,508.0,18.0,47327.67444305798,31153.35505942166,0.6863915600242925,1.0526315789473684,0.928689987854111,1.0,1.1476913183035609,78774.965476903,56275.39694003099,1780.9938628430064,1566.292605626394
91,1536,5.406300418366228,186826.71389708895,0,-1.7775242851701138,0.7365999999999999,0.12586293410944552,0.3110248521297633,161.77634977760425,151.50786727883772,500.0,17.0,48084.9172341469,31022.09326016181,0.6897780788730224,1.0555555555555556,0.9228234636957594,1.0,1.1455366761698422,78640.09539179315,41868.64127230845,1803.7543409380582,1673.618869183115
91,1538,5.670892044966688,186931.7710362029,0,-5.529484078906769,0.7365999999999999,0.12585087522807667,0.3159241721611633,172.40900474034748,155.98462815339394,508.0,17.0,47327.67444305798,30541.00578310755,0.6912177799266207,1.0555555555555556,0.928689987854111,1.0,1.14555946581135,78774.965476903,52531.10918104756,1780.9938628430064,1559.6826708640147
92,1748,5.524962981318024,179265.00953968652,0,-3.049601791757489,0.7365999999999999,0.12161028738968921,0.3110191888232514,167.97240386223908,155.45860519316858,508.0,17.0,47327.67444305798,31022.658137279002,0.6862984369852182,1.0555555555555556,0.928689987854111,1.0,1.1534983311645521,77444.35429617524,54506.50138127223,1780.9938628430064,1574.320099883827
92,1710,5.524962981318024,179331.9842072855,0,-3.068840389492209,0.7365999999999999,0.12116487551028869,0.3110248521297633,167.97240386223908,155.43093018935681,508.0,17.0,47327.67444305798,31022.09326016181,0.6861543524012748,1.0555555555555556,0.928689987854111,1.0,1.1543233639051076,77444.35429617524,54573.476048871235,1780.9938628430064,1575.0978123706018
92,1627,5.54110062374281,181635.43367653334,0,-3.450884410596336,0.7365999999999999,0.11216290702147853,0.3162698260787952,168.46302770893752,155.33578045443548,508.0,17.0,47327.67444305798,30507.627264428622,0.686957558845597,1.0555555555555556,0.9256705846099288,1.0,1.1706231982345168,77591.50063497931,52698.0046673835,1780.9938628430064,1577.7775464307401
92,1582,5.670892044966688,185531.9317996724,0,-5.932524184884118,0.7365999999999999,0.1126179113424616,0.31429515950781756,172.40900474034748,155.41790471927283,508.0,18.0,47327.67444305798,30699.301841323966,0.6856961988611461,1.0526315789473684,0.9256705846099288,1.0,1.1698169081069878,78774.965476903,55006.21158242192,1780.9938628430064,1575.464115191891
92,1690,5.670892044966688,185675.07507652155,0,-5.555798308348505,0.7365999999999999,0.12470888587160807,0.3136250453831545,172.40900474034748,155.9475010613968,508.0,18.0,47327.67444305798,30764.89620658275,0.6892040213476488,1.0526315789473684,0.928689987854111,1.0,1.1477122179153407,78774.965476903,55149.35485927108,1780.9938628430064,1560.7068580402813
92,1483,5.670892044966688,185708.927730727,0,-5.9594794132801905,0.7365999999999999,0.1124030107507356,0.31379552732025423,172.40900474034748,155.38014926889852,508.0,18.0,47327.67444305798,30748.18194954805,0.6852676869443435,1.0526315789473684,0.9256705846099288,1.0,1.1701979620724379,78774.965476903,55183.20751347652,1780.9938628430064,1576.5268388610482
92,1515,5.670892044966688,185750.0380657533,0,-5.578403798225192,0.7365999999999999,0.12421918811397212,0.3136250453831545,172.40900474034748,155.9156207887988,508.0,18.0,47327.67444305798,30764.89620658275,0.6890406446681847,1.0526315789473684,0.928689987854111,1.0,1.148632021012315,78774.965476903,55224.31784850281,1780.9938628430064,1561.5873805640992
92,1718,5.670892044966688,185763.75418257626,0,-5.587716229404229,0.7365999999999999,0.12393026944891149,0.31373365568188205,172.40900474034748,155.90249136052378,508.0,18.0,47327.67444305798,30754.2458204772,0.6890218849914194,1.0526315789473684,0.928689987854111,1.0,1.1491737590844093,78774.965476903,55238.03396532578,1780.9938628430064,1561.9502999192841
92,1754,5.670892044966688,185763.75418257626,0,-5.587716229404229,0.7365999999999999,0.12393026944891149,0.31373365568188205,172.40900474034748,155.90249136052378,508.0,18.0,47327.67444305798,30754.2458204772,0.6890218849914194,1.0526315789473684,0.928689987854111,1.0,1.1491737590844093,78774.965476903,55238.03396532578,1780.9938628430064,1561.9502999192841
92,1346,5.670892044966688,185764.8739114395,0,-5.587860954992857,0.7365999999999999,0.12393026944891149,0.31372970754231144,172.40900474034748,155.90228733198362,508.0,18.0,47327.67444305798,30754.63284807442,0.6890190662730296,1.0526315789473684,0.928689987854111,1.0,1.1491737590844093,78774.965476903,55239.15369418904,1780.9938628430064,1561.9559409404105
92,1688,5.670892044966688,185764.8739114395,0,-5.587860954992857,0.7365999999999999,0.12393026944891149,0.31372970754231144,172.40900474034748,155.90228733198362,508.0,18.0,47327.67444305798,30754.63284807442,0.6890190662730296,1.0526315789473684,0.928689987854111,1.0,1.1491737590844093,78774.965476903,55239.15369418904,1780.9938628430064,1561.9559409404105
92,1646,5.544613641397953,186374.53768997235,0,-4.142093836907408,0.7365999999999999,0.11216290702147853,0.29558664504764276,168.56983204814128,154.4498791639801,508.0,18.0,47327.67444305798,32642.347449230598,0.67156962965473,1.0526315789473684,0.9256705846099288,1.0,1.1706231982345168,77623.53305164225,60839.422590188806,1780.9938628430064,1603.172188132432
92,1644,5.670892044966688,186388.76067848515,0,-5.646943083017968,0.7365999999999999,0.12472000034552025,0.31112891083287647,172.40900474034748,155.81904021604075,508.0,18.0,47327.67444305798,31011.717757660714,0.6874158067016527,1.0526315789473684,0.928689987854111,1.0,1.1476913183035609,78774.965476903,55863.040461234676,1780.9938628430064,1564.260978473723
92,1720,5.670892044966688,186389.37024562026,0,-5.647126168388713,0.7365999999999999,0.1247160306700291,0.31112891083287647,172.40900474034748,155.81878238569544,508.0,18.0,47327.67444305798,31011.717757660714,0.6874144776238221,1.0526315789473684,0.928689987854111,1.0,1.1476987829833885,78774.965476903,55863.65002836977,1780.9938628430064,1564.2681281314685
92,1438,5.670892044966688,186391.10063413432,0,-5.647239798778605,0.7365999999999999,0.12472000034552025,0.31112083442137,172.40900474034748,155.81862236589714,508.0,18.0,47327.67444305798,31012.522793410248,0.6874099767940576,1.0526315789473684,0.928689987854111,1.0,1.1476913183035609,78774.965476903,55865.38041688384,1780.9938628430064,1564.2725655271672
92,1778,5.670892044966688,186512.4250206818,0,-6.0645406351081075,0.7365999999999999,0.11219600602921344,0.31112083442137,172.40900474034748,155.2331678089596,508.0,18.0,47327.67444305798,31012.522793410248,0.6832674551482614,1.0526315789473684,0.9256705846099288,1.0,1.1705646100186784,78774.965476903,55986.70480343135,1780.9938628430064,1580.6776986665136
92,1523,5.670892044966688,186764.875549867,0,-5.991172951887979,0.7365999999999999,0.11216290702147853,0.3162698260787952,172.40900474034748,155.33578045443548,508.0,17.0,47327.67444305798,30507.627264428622,0.686957558845597,1.0555555555555556,0.9256705846099288,1.0,1.1706231982345168,78774.965476903,52698.0046673835,1780.9938628430064,1577.7775464307401
92,1666,5.670892044966688,186801.11715728146,0,-5.698925200271129,0.7365999999999999,0.12472000034552025,0.309714377491407,172.40900474034748,155.74587054791496,508.0,18.0,47327.67444305798,31153.35505942166,0.6863915600242925,1.0526315789473684,0.928689987854111,1.0,1.1476913183035609,78774.965476903,56275.39694003099,1780.9938628430064,1566.292605626394
92,1536,5.406300418366228,186826.71389708895,0,-1.7775242851701138,0.7365999999999999,0.12586293410944552,0.3110248521297633,161.77634977760425,151.50786727883772,500.0,17.0,48084.9172341469,31022.09326016181,0.6897780788730224,1.0555555555555556,0.9228234636957594,1.0,1.1455366761698422,78640.09539179315,41868.64127230845,1803.7543409380582,1673.618869183115
92,1538,5.670892044966688,186931.7710362029,0,-5.529484078906769,0.7365999999999999,0.12585087522807667,0.3159241721611633,172.40900474034748,155.98462815339394,508.0,17.0,47327.67444305798,30541.00578310755,0.6912177799266207,1.0555555555555556,0.928689987854111,1.0,1.14555946581135,78774.965476903,52531.10918104756,1780.9938628430064,1559.6826708640147
93,1848,5.416601950987159,175052.02690149314,0,-1.0583817879015855,0.7365999999999999,0.11620584581333777,0.31386162895871006,164.6779631915575,155.2710501663932,508.0,17.0,47327.67444305798,30741.706149326325,0.686558773949511,1.0555555555555556,0.928689987854111,1.0,1.16339234883729,76456.29616088446,54576.01754905119,1780.9938628430064,1579.605784889008
93,1748,5.524962981318024,179265.00953968652,0,-3.049601791757489,0.7365999999999999,0.12161028738968921,0.3110191888232514,167.97240386223908,155.45860519316858,508.0,17.0,47327.67444305798,31022.658137279002,0.6862984369852182,1.0555555555555556,0.928689987854111,1.0,1.1534983311645521,77444.35429617524,54506.50138127223,1780.9938628430064,1574.320099883827
93,1710,5.524962981318024,179331.9842072855,0,-3.068840389492209,0.7365999999999999,0.12116487551028869,0.3110248521297633,167.97240386223908,155.43093018935681,508.0,17.0,47327.67444305798,31022.09326016181,0.6861543524012748,1.0555555555555556,0.928689987854111,1.0,1.1543233639051076,77444.35429617524,54573.476048871235,1780.9938628430064,1575.0978123706018
93,1627,5.54110062374281,181635.43367653334,0,-3.450884410596336,0.7365999999999999,0.11216290702147853,0.3162698260787952,168.46302770893752,155.33578045443548,508.0,17.0,47327.67444305798,30507.627264428622,0.686957558845597,1.0555555555555556,0.9256705846099288,1.0,1.1706231982345168,77591.50063497931,52698.0046673835,1780.9938628430064,1577.7775464307401
93,1582,5.670892044966688,185531.9317996724,0,-5.932524184884118,0.7365999999999999,0.1126179113424616,0.31429515950781756,172.40900474034748,155.41790471927283,508.0,18.0,47327.67444305798,30699.301841323966,0.6856961988611461,1.0526315789473684,0.9256705846099288,1.0,1.1698169081069878,78774.965476903,55006.21158242192,1780.9938628430064,1575.464115191891
93,1690,5.670892044966688,185675.07507652155,0,-5.555798308348505,0.7365999999999999,0.12470888587160807,0.3136250453831545,172.40900474034748,155.9475010613968,508.0,18.0,47327.67444305798,30764.89620658275,0.6892040213476488,1.0526315789473684,0.928689987854111,1.0,1.1477122179153407,78774.965476903,55149.35485927108,1780.9938628430064,1560.7068580402813
93,1483,5.670892044966688,185708.927730727,0,-5.9594794132801905,0.7365999999999999,0.1124030107507356,0.31379552732025423,172.40900474034748,155.38014926889852,508.0,18.0,47327.67444305798,30748.18194954805,0.6852676869443435,1.0526315789473684,0.9256705846099288,1.0,1.1701979620724379,78774.965476903,55183.20751347652,1780.9938628430064,1576.5268388610482
93,1515,5.670892044966688,185750.0380657533,0,-5.578403798225192,0.7365999999999999,0.12421918811397212,0.3136250453831545,172.40900474034748,155.9156207887988,508.0,18.0,47327.67444305798,30764.89620658275,0.6890406446681847,1.0526315789473684,0.928689987854111,1.0,1.148632021012315,78774.965476903,55224.31784850281,1780.9938628430064,1561.5873805640992
93,1718,5.670892044966688,185763.75418257626,0,-5.587716229404229,0.7365999999999999,0.12393026944891149,0.31373365568188205,172.40900474034748,155.90249136052378,508.0,18.0,47327.67444305798,30754.2458204772,0.6890218849914194,1.0526315789473684,0.928689987854111,1.0,1.1491737590844093,78774.965476903,55238.03396532578,1780.9938628430064,1561.9502999192841
93,1754,5.670892044966688,185763.75418257626,0,-5.587716229404229,0.7365999999999999,0.12393026944891149,0.31373365568188205,172.40900474034748,155.90249136052378,508.0,18.0,47327.67444305798,30754.2458204772,0.6890218849914194,1.0526315789473684,0.928689987854111,1.0,1.1491737590844093,78774.965476903,55238.03396532578,1780.9938628430064,1561.9502999192841
93,1346,5.670892044966688,185764.8739114395,0,-5.587860954992857,0.7365999999999999,0.12393026944891149,0.31372970754231144,172.40900474034748,155.90228733198362,508.0,18.0,47327.67444305798,30754.63284807442,0.6890190662730296,1.0526315789473684,0.928689987854111,1.0,1.1491737590844093,78774.965476903,55239.15369418904,1780.9938628430064,1561.9559409404105
93,1688,5.670892044966688,185764.8739114395,0,-5.587860954992857,0.7365999999999999,0.12393026944891149,0.31372970754231144,172.40900474034748,155.90228733198362,508.0,18.0,47327.67444305798,30754.63284807442,0.6890190662730296,1.0526315789473684,0.928689987854111,1.0,1.1491737590844093,78774.965476903,55239.15369418904,1780.9938628430064,1561.9559409404105
93,1646,5.544613641397953,186374.53768997235,0,-4.142093836907408,0.7365999999999999,0.11216290702147853,0.29558664504764276,168.56983204814128,154.4498791639801,508.0,18.0,47327.67444305798,32642.347449230598,0.67156962965473,1.0526315789473684,0.9256705846099288,1.0,1.1706231982345168,77623.53305164225,60839.422590188806,1780.9938628430064,1603.172188132432
93,1644,5.670892044966688,186388.76067848515,0,-5.646943083017968,0.7365999999999999,0.12472000034552025,0.31112891083287647,172.40900474034748,155.81904021604075,508.0,18.0,47327.67444305798,31011.717757660714,0.6874158067016527,1.0526315789473684,0.928689987854111,1.0,1.1476913183035609,78774.965476903,55863.040461234676,1780.9938628430064,1564.260978473723
93,1720,5.670892044966688,186389.37024562026,0,-5.647126168388713,0.7365999999999999,0.1247160306700291,0.31112891083287647,172.40900474034748,155.81878238569544,508.0,18.0,47327.67444305798,31011.717757660714,0.6874144776238221,1.0526315789473684,0.928689987854111,1.0,1.1476987829833885,78774.965476903,55863.65002836977,1780.9938628430064,1564.2681281314685
93,1438,5.670892044966688,186391.10063413432,0,-5.647239798778605,0.7365999999999999,0.12472000034552025,0.31112083442137,172.40900474034748,155.81862236589714,508.0,18.0,47327.67444305798,31012.522793410248,0.6874099767940576,1.0526315789473684,0.928689987854111,1.0,1.1476913183035609,78774.965476903,55865.38041688384,1780.9938628430064,1564.2725655271672
93,1778,5.670892044966688,186512.4250206818,0,-6.0645406351081075,0.7365999999999999,0.11219600602921344,0.31112083442137,172.40900474034748,155.2331678089596,508.0,18.0,47327.67444305798,31012.522793410248,0.6832674551482614,1.0526315789473684,0.9256705846099288,1.0,1.1705646100186784,78774.965476903,55986.70480343135,1780.9938628430064,1580.6776986665136
93,1523,5.670892044966688,186764.875549867,0,-5.991172951887979,0.7365999999999999,0.11216290702147853,0.3162698260787952,172.40900474034748,155.33578045443548,508.0,17.0,47327.67444305798,30507.627264428622,0.686957558845597,1.0555555555555556,0.9256705846099288,1.0,1.1706231982345168,78774.965476903,52698.0046673835,1780.9938628430064,1577.7775464307401
93,1666,5.670892044966688,186801.11715728146,0,-5.698925200271129,0.7365999999999999,0.12472000034552025,0.309714377491407,172.40900474034748,155.74587054791496,508.0,18.0,47327.67444305798,31153.35505942166,0.6863915600242925,1.0526315789473684,0.928689987854111,1.0,1.1476913183035609,78774.965476903,56275.39694003099,1780.9938628430064,1566.292605626394
93,1536,5.406300418366228,186826.71389708895,0,-1.7775242851701138,0.7365999999999999,0.12586293410944552,0.3110248521297633,161.77634977760425,151.50786727883772,500.0,17.0,48084.9172341469,31022.09326016181,0.6897780788730224,1.0555555555555556,0.9228234636957594,1.0,1.1455366761698422,78640.09539179315,41868.64127230845,1803.7543409380582,1673.618869183115
94,1848,5.416601950987159,175052.02690149314,0,-1.0583817879015855,0.7365999999999999,0.11620584581333777,0.31386162895871006,164.6779631915575,155.2710501663932,508.0,17.0,47327.67444305798,30741.706149326325,0.686558773949511,1.0555555555555556,0.928689987854111,1.0,1.16339234883729,76456.29616088446,54576.01754905119,1780.9938628430064,1579.605784889008
94,1748,5.524962981318024,179265.00953968652,0,-3.049601791757489,0.7365999999999999,0.12161028738968921,0.3110191888232514,167.97240386223908,155.45860519316858,508.0,17.0,47327.67444305798,31022.658137279002,0.6862984369852182,1.0555555555555556,0.928689987854111,1.0,1.1534983311645521,77444.35429617524,54506.50138127223,1780.9938628430064,1574.320099883827
94,1710,5.524962981318024,179331.9842072855,0,-3.068840389492209,0.7365999999999999,0.12116487551028869,0.3110248521297633,167.97240386223908,155.43093018935681,508.0,17.0,47327.67444305798,31022.09326016181,0.6861543524012748,1.0555555555555556,0.928689987854111,1.0,1.1543233639051076,77444.35429617524,54573.476048871235,1780.9938628430064,1575.0978123706018
94,1627,5.54110062374281,181635.43367653334,0,-3.450884410596336,0.7365999999999999,0.11216290702147853,0.3162698260787952,168.46302770893752,155.33578045443548,508.0,17.0,47327.67444305798,30507.627264428622,0.686957558845597,1.0555555555555556,0.9256705846099288,1.0,1.1706231982345168,77591.50063497931,52698.0046673835,1780.9938628430064,1577.7775464307401
94,1582,5.670892044966688,185531.9317996724,0,-5.932524184884118,0.7365999999999999,0.1126179113424616,0.31429515950781756,172.40900474034748,155.41790471927283,508.0,18.0,47327.67444305798,30699.301841323966,0.6856961988611461,1.0526315789473684,0.9256705846099288,1.0,1.1698169081069878,78774.965476903,55006.21158242192,1780.9938628430064,1575.464115191891
94,1690,5.670892044966688,185675.07507652155,0,-5.555798308348505,0.7365999999999999,0.12470888587160807,0.3136250453831545,172.40900474034748,155.9475010613968,508.0,18.0,47327.67444305798,30764.89620658275,0.6892040213476488,1.0526315789473684,0.928689987854111,1.0,1.1477122179153407,78774.965476903,55149.35485927108,1780.9938628430064,1560.7068580402813
94,1483,5.670892044966688,185708.927730727,0,-5.9594794132801905,0.7365999999999999,0.1124030107507356,0.31379552732025423,172.40900474034748,155.38014926889852,508.0,18.0,47327.67444305798,30748.18194954805,0.6852676869443435,1.0526315789473684,0.9256705846099288,1.0,1.1701979620724379,78774.965476903,55183.20751347652,1780.9938628430064,1576.5268388610482
94,1515,5.670892044966688,185750.0380657533,0,-5.578403798225192,0.7365999999999999,0.12421918811397212,0.3136250453831545,172.40900474034748,155.9156207887988,508.0,18.0,47327.67444305798,30764.89620658275,0.6890406446681847,1.0526315789473684,0.928689987854111,1.0,1.148632021012315,78774.965476903,55224.31784850281,1780.9938628430064,1561.5873805640992
94,1718,5.670892044966688,185763.75418257626,0,-5.587716229404229,0.7365999999999999,0.12393026944891149,0.31373365568188205,172.40900474034748,155.90249136052378,508.0,18.0,47327.67444305798,30754.2458204772,0.6890218849914194,1.0526315789473684,0.928689987854111,1.0,1.1491737590844093,78774.965476903,55238.03396532578,1780.9938628430064,1561.9502999192841
94,1754,5.670892044966688,185763.75418257626,0,-5.587716229404229,0.7365999999999999,0.12393026944891149,0.31373365568188205,172.40900474034748,155.90249136052378,508.0,18.0,47327.67444305798,30754.2458204772,0.6890218849914194,1.0526315789473684,0.928689987854111,1.0,1.1491737590844093,78774.965476903,55238.03396532578,1780.9938628430064,1561.9502999192841
94,1346,5.670892044966688,185764.8739114395,0,-5.587860954992857,0.7365999999999999,0.12393026944891149,0.31372970754231144,172.40900474034748,155.90228733198362,508.0,18.0,47327.67444305798,30754.63284807442,0.6890190662730296,1.0526315789473684,0.928689987854111,1.0,1.1491737590844093,78774.965476903,55239.15369418904,1780.9938628430064,1561.9559409404105
94,1688,5.670892044966688,185764.8739114395,0,-5.587860954992857,0.7365999999999999,0.12393026944891149,0.31372970754231144,172.40900474034748,155.90228733198362,508.0,18.0,47327.67444305798,30754.63284807442,0.6890190662730296,1.0526315789473684,0.928689987854111,1.0,1.1491737590844093,78774.965476903,55239.15369418904,1780.9938628430064,1561.9559409404105
94,1876,5.670892044966688,185806.88568342378,0,-5.6003163138697545,0.7365999999999999,0.12365897115978833,0.31372970754231144,172.40900474034748,155.8847302489375,508.0,18.0,47327.67444305798,30754.63284807442,0.6889286829919193,1.0526315789473684,0.928689987854111,1.0,1.1496818209456334,78774.965476903,55281.16546617332,1780.9938628430064,1562.441515278288
94,1646,5.544613641397953,186374.53768997235,0,-4.142093836907408,0.7365999999999999,0.11216290702147853,0.29558664504764276,168.56983204814128,154.4498791639801,508.0,18.0,47327.67444305798,32642.347449230598,0.67156962965473,1.0526315789473684,0.9256705846099288,1.0,1.1706231982345168,77623.53305164225,60839.422590188806,1780.9938628430064,1603.172188132432
94,1644,5.670892044966688,186388.76067848515,0,-5.646943083017968,0.7365999999999999,0.12472000034552025,0.31112891083287647,172.40900474034748,155.81904021604075,508.0,18.0,47327.67444305798,31011.717757660714,0.6874158067016527,1.0526315789473684,0.928689987854111,1.0,1.1476913183035609,78774.965476903,55863.040461234676,1780.9938628430064,1564.260978473723
94,1720,5.670892044966688,186389.37024562026,0,-5.647126168388713,0.7365999999999999,0.1247160306700291,0.31112891083287647,172.40900474034748,155.81878238569544,508.0,18.0,47327.67444305798,31011.717757660714,0.6874144776238221,1.0526315789473684,0.928689987854111,1.0,1.1476987829833885,78774.965476903,55863.65002836977,1780.9938628430064,1564.2681281314685
94,1438,5.670892044966688,186391.10063413432,0,-5.647239798778605,0.7365999999999999,0.12472000034552025,0.31112083442137,172.40900474034748,155.81862236589714,508.0,18.0,47327.67444305798,31012.522793410248,0.6874099767940576,1.0526315789473684,0.928689987854111,1.0,1.1476913183035609,78774.965476903,55865.38041688384,1780.9938628430064,1564.2725655271672
94,1778,5.670892044966688,186512.4250206818,0,-6.0645406351081075,0.7365999999999999,0.11219600602921344,0.31112083442137,172.40900474034748,155.2331678089596,508.0,18.0,47327.67444305798,31012.522793410248,0.6832674551482614,1.0526315789473684,0.9256705846099288,1.0,1.1705646100186784,78774.965476903,55986.70480343135,1780.9938628430064,1580.6776986665136
94,1523,5.670892044966688,186764.875549867,0,-5.991172951887979,0.7365999999999999,0.11216290702147853,0.3162698260787952,172.40900474034748,155.33578045443548,508.0,17.0,47327.67444305798,30507.627264428622,0.686957558845597,1.0555555555555556,0.9256705846099288,1.0,1.1706231982345168,78774.965476903,52698.0046673835,1780.9938628430064,1577.7775464307401
94,1666,5.670892044966688,186801.11715728146,0,-5.698925200271129,0.7365999999999999,0.12472000034552025,0.309714377491407,172.40900474034748,155.74587054791496,508.0,18.0,47327.67444305798,31153.35505942166,0.6863915600242925,1.0526315789473684,0.928689987854111,1.0,1.1476913183035609,78774.965476903,56275.39694003099,1780.9938628430064,1566.292605626394
95,1848,5.416601950987159,175052.02690149314,0,-1.0583817879015855,0.7365999999999999,0.11620584581333777,0.31386162895871006,164.6779631915575,155.2710501663932,508.0,17.0,47327.67444305798,30741.706149326325,0.686558773949511,1.0555555555555556,0.928689987854111,1.0,1.16339234883729,76456.29616088446,54576.01754905119,1780.9938628430064,1579.605784889008
95,1748,5.524962981318024,179265.00953968652,0,-3.049601791757489,0.7365999999999999,0.12161028738968921,0.3110191888232514,167.97240386223908,155.45860519316858,508.0,17.0,47327.67444305798,31022.658137279002,0.6862984369852182,1.0555555555555556,0.928689987854111,1.0,1.1534983311645521,77444.35429617524,54506.50138127223,1780.9938628430064,1574.320099883827
95,1710,5.524962981318024,179331.9842072855,0,-3.068840389492209,0.7365999999999999,0.12116487551028869,0.3110248521297633,167.97240386223908,155.43093018935681,508.0,17.0,47327.67444305798,31022.09326016181,0.6861543524012748,1.0555555555555556,0.928689987854111,1.0,1.1543233639051076,77444.35429617524,54573.476048871235,1780.9938628430064,1575.0978123706018
95,1627,5.54110062374281,181635.43367653334,0,-3.450884410596336,0.7365999999999999,0.11216290702147853,0.3162698260787952,168.46302770893752,155.33578045443548,508.0,17.0,47327.67444305798,30507.627264428622,0.686957558845597,1.0555555555555556,0.9256705846099288,1.0,1.1706231982345168,77591.50063497931,52698.0046673835,1780.9938628430064,1577.7775464307401
95,1582,5.670892044966688,185531.9317996724,0,-5.932524184884118,0.7365999999999999,0.1126179113424616,0.31429515950781756,172.40900474034748,155.41790471927283,508.0,18.0,47327.67444305798,30699.301841323966,0.6856961988611461,1.0526315789473684,0.9256705846099288,1.0,1.1698169081069878,78774.965476903,55006.21158242192,1780.9938628430064,1575.464115191891
95,1690,5.670892044966688,185675.07507652155,0,-5.555798308348505,0.7365999999999999,0.12470888587160807,0.3136250453831545,172.40900474034748,155.9475010613968,508.0,18.0,47327.67444305798,30764.89620658275,0.6892040213476488,1.0526315789473684,0.928689987854111,1.0,1.1477122179153407,78774.965476903,55149.35485927108,1780.9938628430064,1560.7068580402813
95,1483,5.670892044966688,185708.927730727,0,-5.9594794132801905,0.7365999999999999,0.1124030107507356,0.31379552732025423,172.40900474034748,155.38014926889852,508.0,18.0,47327.67444305798,30748.18194954805,0.6852676869443435,1.0526315789473684,0.9256705846099288,1.0,1.1701979620724379,78774.965476903,55183.20751347652,1780.9938628430064,1576.5268388610482
95,1900,5.670892044966688,185708.927730727,0,-5.9594794132801905,0.7365999999999999,0.1124030107507356,0.31379552732025423,172.40900474034748,155.38014926889852,508.0,18.0,47327.67444305798,30748.18194954805,0.6852676869443435,1.0526315789473684,0.9256705846099288,1.0,1.1701979620724379,78774.965476903,55183.20751347652,1780.9938628430064,1576.5268388610482
95,1515,5.670892044966688,185750.0380657533,0,-5.578403798225192,0.7365999999999999,0.12421918811397212,0.3136250453831545,172.40900474034748,155.9156207887988,508.0,18.0,47327.67444305798,30764.89620658275,0.6890406446681847,1.0526315789473684,0.928689987854111,1.0,1.148632021012315,78774.965476903,55224.31784850281,1780.9938628430064,1561.5873805640992
95,1718,5.670892044966688,185763.75418257626,0,-5.587716229404229,0.7365999999999999,0.12393026944891149,0.31373365568188205,172.40900474034748,155.90249136052378,508.0,18.0,47327.67444305798,30754.2458204772,0.6890218849914194,1.0526315789473684,0.928689987854111,1.0,1.1491737590844093,78774.965476903,55238.03396532578,1780.9938628430064,1561.9502999192841
95,1754,5.670892044966688,185763.75418257626,0,-5.587716229404229,0.7365999999999999,0.12393026944891149,0.31373365568188205,172.40900474034748,155.90249136052378,508.0,18.0,47327.67444305798,30754.2458204772,0.6890218849914194,1.0526315789473684,0.928689987854111,1.0,1.1491737590844093,78774.965476903,55238.03396532578,1780.9938628430064,1561.9502999192841
95,1346,5.670892044966688,185764.8739114395,0,-5.587860954992857,0.7365999999999999,0.12393026944891149,0.31372970754231144,172.40900474034748,155.90228733198362,508.0,18.0,47327.67444305798,30754.63284807442,0.6890190662730296,1.0526315789473684,0.928689987854111,1.0,1.1491737590844093,78774.965476903,55239.15369418904,1780.9938628430064,1561.9559409404105
95,1688,5.670892044966688,185764.8739114395,0,-5.587860954992857,0.7365999999999999,0.12393026944891149,0.31372970754231144,172.40900474034748,155.90228733198362,508.0,18.0,47327.67444305798,30754.63284807442,0.6890190662730296,1.0526315789473684,0.928689987854111,1.0,1.1491737590844093,78774.965476903,55239.15369418904,1780.9938628430064,1561.9559409404105
95,1876,5.670892044966688,185806.88568342378,0,-5.6003163138697545,0.7365999999999999,0.12365897115978833,0.31372970754231144,172.40900474034748,155.8847302489375,508.0,18.0,47327.67444305798,30754.63284807442,0.6889286829919193,1.0526315789473684,0.928689987854111,1.0,1.1496818209456334,78774.965476903,55281.16546617332,1780.9938628430064,1562.441515278288
95,1646,5.544613641397953,186374.53768997235,0,-4.142093836907408,0.7365999999999999,0.11216290702147853,0.29558664504764276,168.56983204814128,154.4498791639801,508.0,18.0,47327.67444305798,32642.347449230598,0.67156962965473,1.0526315789473684,0.9256705846099288,1.0,1.1706231982345168,77623.53305164225,60839.422590188806,1780.9938628430064,1603.172188132432
95,1644,5.670892044966688,186388.76067848515,0,-5.646943083017968,0.7365999999999999,0.12472000034552025,0.31112891083287647,172.40900474034748,155.81904021604075,508.0,18.0,47327.67444305798,31011.717757660714,0.6874158067016527,1.0526315789473684,0.928689987854111,1.0,1.1476913183035609,78774.965476903,55863.040461234676,1780.9938628430064,1564.260978473723
95,1720,5.670892044966688,186389.37024562026,0,-5.647126168388713,0.7365999999999999,0.1247160306700291,0.31112891083287647,172.40900474034748,155.81878238569544,508.0,18.0,47327.67444305798,31011.717757660714,0.6874144776238221,1.0526315789473684,0.928689987854111,1.0,1.1476987829833885,78774.965476903,55863.65002836977,1780.9938628430064,1564.2681281314685
95,1438,5.670892044966688,186391.10063413432,0,-5.647239798778605,0.7365999999999999,0.12472000034552025,0.31112083442137,172.40900474034748,155.81862236589714,508.0,18.0,47327.67444305798,31012.522793410248,0.6874099767940576,1.0526315789473684,0.928689987854111,1.0,1.1476913183035609,78774.965476903,55865.38041688384,1780.9938628430064,1564.2725655271672
95,1778,5.670892044966688,186512.4250206818,0,-6.0645406351081075,0.7365999999999999,0.11219600602921344,0.31112083442137,172.40900474034748,155.2331678089596,508.0,18.0,47327.67444305798,31012.522793410248,0.6832674551482614,1.0526315789473684,0.9256705846099288,1.0,1.1705646100186784,78774.965476903,55986.70480343135,1780.9938628430064,1580.6776986665136
95,1523,5.670892044966688,186764.875549867,0,-5.991172951887979,0.7365999999999999,0.11216290702147853,0.3162698260787952,172.40900474034748,155.33578045443548,508.0,17.0,47327.67444305798,30507.627264428622,0.686957558845597,1.0555555555555556,0.9256705846099288,1.0,1.1706231982345168,78774.965476903,52698.0046673835,1780.9938628430064,1577.7775464307401
96,1848,5.416601950987159,175052.02690149314,0,-1.0583817879015855,0.7365999999999999,0.11620584581333777,0.31386162895871006,164.6779631915575,155.2710501663932,508.0,17.0,47327.67444305798,30741.706149326325,0.686558773949511,1.0555555555555556,0.928689987854111,1.0,1.16339234883729,76456.29616088446,54576.01754905119,1780.9938628430064,1579.605784889008
96,1748,5.524962981318024,179265.00953968652,0,-3.049601791757489,0.7365999999999999,0.12161028738968921,0.3110191888232514,167.97240386223908,155.45860519316858,508.0,17.0,47327.67444305798,31022.658137279002,0.6862984369852182,1.0555555555555556,0.928689987854111,1.0,1.1534983311645521,77444.35429617524,54506.50138127223,1780.9938628430064,1574.320099883827
96,1710,5.524962981318024,179331.9842072855,0,-3.068840389492209,0.7365999999999999,0.12116487551028869,0.3110248521297633,167.97240386223908,155.43093018935681,508.0,17.0,47327.67444305798,31022.09326016181,0.6861543524012748,1.0555555555555556,0.928689987854111,1.0,1.1543233639051076,77444.35429617524,54573.476048871235,1780.9938628430064,1575.0978123706018
96,1627,5.54110062374281,181635.43367653334,0,-3.450884410596336,0.7365999999999999,0.11216290702147853,0.3162698260787952,168.46302770893752,155.33578045443548,508.0,17.0,47327.67444305798,30507.627264428622,0.686957558845597,1.0555555555555556,0.9256705846099288,1.0,1.1706231982345168,77591.50063497931,52698.0046673835,1780.9938628430064,1577.7775464307401
96,1905,5.524962981318024,181818.8230655015,0,-3.2740097429430204,0.7365999999999999,0.11327939835286502,0.3110248521297633,167.97240386223908,155.13640278126582,508.0,17.0,47327.67444305798,31022.09326016181,0.6835521034504035,1.0555555555555556,0.9256705846099287,1.0,1.1686413014905337,77444.35429617524,57060.314907087195,1780.9938628430064,1583.422363637813
96,1582,5.670892044966688,185531.9317996724,0,-5.932524184884118,0.7365999999999999,0.1126179113424616,0.31429515950781756,172.40900474034748,155.41790471927283,508.0,18.0,47327.67444305798,30699.301841323966,0.6856961988611461,1.0526315789473684,0.9256705846099288,1.0,1.1698169081069878,78774.965476903,55006.21158242192,1780.9938628430064,1575.464115191891
96,1690,5.670892044966688,185675.07507652155,0,-5.555798308348505,0.7365999999999999,0.12470888587160807,0.3136250453831545,172.40900474034748,155.9475010613968,508.0,18.0,47327.67444305798,30764.89620658275,0.6892040213476488,1.0526315789473684,0.928689987854111,1.0,1.1477122179153407,78774.965476903,55149.35485927108,1780.9938628430064,1560.7068580402813
96,1483,5.670892044966688,185708.927730727,0,-5.9594794132801905,0.7365999999999999,0.1124030107507356,0.31379552732025423,172.40900474034748,155.38014926889852,508.0,18.0,47327.67444305798,30748.18194954805,0.6852676869443435,1.0526315789473684,0.9256705846099288,1.0,1.1701979620724379,78774.965476903,55183.20751347652,1780.9938628430064,1576.5268388610482
96,1900,5.670892044966688,185708.927730727,0,-5.9594794132801905,0.7365999999999999,0.1124030107507356,0.31379552732025423,172.40900474034748,155.38014926889852,508.0,18.0,47327.67444305798,30748.18194954805,0.6852676869443435,1.0526315789473684,0.9256705846099288,1.0,1.1701979620724379,78774.965476903,55183.20751347652,1780.9938628430064,1576.5268388610482
96,1515,5.670892044966688,185750.0380657533,0,-5.578403798225192,0.7365999999999999,0.12421918811397212,0.3136250453831545,172.40900474034748,155.9156207887988,508.0,18.0,47327.67444305798,30764.89620658275,0.6890406446681847,1.0526315789473684,0.928689987854111,1.0,1.148632021012315,78774.965476903,55224.31784850281,1780.9938628430064,1561.5873805640992
96,1718,5.670892044966688,185763.75418257626,0,-5.587716229404229,0.7365999999999999,0.12393026944891149,0.31373365568188205,172.40900474034748,155.90249136052378,508.0,18.0,47327.67444305798,30754.2458204772,0.6890218849914194,1.0526315789473684,0.928689987854111,1.0,1.1491737590844093,78774.965476903,55238.03396532578,1780.9938628430064,1561.9502999192841
96,1754,5.670892044966688,185763.75418257626,0,-5.587716229404229,0.7365999999999999,0.12393026944891149,0.31373365568188205,172.40900474034748,155.90249136052378,508.0,18.0,47327.67444305798,30754.2458204772,0.6890218849914194,1.0526315789473684,0.928689987854111,1.0,1.1491737590844093,78774.965476903,55238.03396532578,1780.9938628430064,1561.9502999192841
96,1346,5.670892044966688,185764.8739114395,0,-5.587860954992857,0.7365999999999999,0.12393026944891149,0.31372970754231144,172.40900474034748,155.90228733198362,508.0,18.0,47327.67444305798,30754.63284807442,0.6890190662730296,1.0526315789473684,0.928689987854111,1.0,1.1491737590844093,78774.965476903,55239.15369418904,1780.9938628430064,1561.9559409404105
96,1688,5.670892044966688,185764.8739114395,0,-5.587860954992857,0.7365999999999999,0.12393026944891149,0.31372970754231144,172.40900474034748,155.90228733198362,508.0,18.0,47327.67444305798,30754.63284807442,0.6890190662730296,1.0526315789473684,0.928689987854111,1.0,1.1491737590844093,78774.965476903,55239.15369418904,1780.9938628430064,1561.9559409404105
96,1876,5.670892044966688,185806.88568342378,0,-5.6003163138697545,0.7365999999999999,0.12365897115978833,0.31372970754231144,172.40900474034748,155.8847302489375,508.0,18.0,47327.67444305798,30754.63284807442,0.6889286829919193,1.0526315789473684,0.928689987854111,1.0,1.1496818209456334,78774.965476903,55281.16546617332,1780.9938628430064,1562.441515278288
96,1646,5.544613641397953,186374.53768997235,0,-4.142093836907408,0.7365999999999999,0.11216290702147853,0.29558664504764276,168.56983204814128,154.4498791639801,508.0,18.0,47327.67444305798,32642.347449230598,0.67156962965473,1.0526315789473684,0.9256705846099288,1.0,1.1706231982345168,77623.53305164225,60839.422590188806,1780.9938628430064,1603.172188132432
96,1644,5.670892044966688,186388.76067848515,0,-5.646943083017968,0.7365999999999999,0.12472000034552025,0.31112891083287647,172.40900474034748,155.81904021604075,508.0,18.0,47327.67444305798,31011.717757660714,0.6874158067016527,1.0526315789473684,0.928689987854111,1.0,1.1476913183035609,78774.965476903,55863.040461234676,1780.9938628430064,1564.260978473723
96,1720,5.670892044966688,186389.37024562026,0,-5.647126168388713,0.7365999999999999,0.1247160306700291,0.31112891083287647,172.40900474034748,155.81878238569544,508.0,18.0,47327.67444305798,31011.717757660714,0.6874144776238221,1.0526315789473684,0.928689987854111,1.0,1.1476987829833885,78774.965476903,55863.65002836977,1780.9938628430064,1564.2681281314685
96,1438,5.670892044966688,186391.10063413432,0,-5.647239798778605,0.7365999999999999,0.12472000034552025,0.31112083442137,172.40900474034748,155.81862236589714,508.0,18.0,47327.67444305798,31012.522793410248,0.6874099767940576,1.0526315789473684,0.928689987854111,1.0,1.1476913183035609,78774.965476903,55865.38041688384,1780.9938628430064,1564.2725655271672
96,1778,5.670892044966688,186512.4250206818,0,-6.0645406351081075,0.7365999999999999,0.11219600602921344,0.31112083442137,172.40900474034748,155.2331678089596,508.0,18.0,47327.67444305798,31012.522793410248,0.6832674551482614,1.0526315789473684,0.9256705846099288,1.0,1.1705646100186784,78774.965476903,55986.70480343135,1780.9938628430064,1580.6776986665136
97,1848,5.416601950987159,175052.02690149314,0,-1.0583817879015855,0.7365999999999999,0.11620584581333777,0.31386162895871006,164.6779631915575,155.2710501663932,508.0,17.0,47327.67444305798,30741.706149326325,0.686558773949511,1.0555555555555556,0.928689987854111,1.0,1.16339234883729,76456.29616088446,54576.01754905119,1780.9938628430064,1579.605784889008
97,1924,5.417467256249222,176045.30518927594,0,-0.751847411665195,0.7365999999999999,0.12393026944891149,0.31373365568188205,164.7042705904369,155.74599841200393,508.0,17.0,47327.67444305798,30754.2458204772,0.6890218849914194,1.0555555555555556,0.928689987854111,1.0,1.1491737590844093,76464.18619202463,53402.06159318556,1780.9938628430064,1566.2890507523935
97,1748,5.524962981318024,179265.00953968652,0,-3.049601791757489,0.7365999999999999,0.12161028738968921,0.3110191888232514,167.97240386223908,155.45860519316858,508.0,17.0,47327.67444305798,31022.658137279002,0.6862984369852182,1.0555555555555556,0.928689987854111,1.0,1.1534983311645521,77444.35429617524,54506.50138127223,1780.9938628430064,1574.320099883827
97,1710,5.524962981318024,179331.9842072855,0,-3.068840389492209,0.7365999999999999,0.12116487551028869,0.3110248521297633,167.97240386223908,155.43093018935681,508.0,17.0,47327.67444305798,31022.09326016181,0.6861543524012748,1.0555555555555556,0.928689987854111,1.0,1.1543233639051076,77444.35429617524,54573.476048871235,1780.9938628430064,1575.0978123706018
97,1931,5.524962981318024,180308.55881485518,0,-3.0893414484608908,0.7365999999999999,0.11327939835286502,0.3162778551591293,167.97240386223908,155.40144995918178,508.0,17.0,47327.67444305798,30506.852792912163,0.6873262059449444,1.0555555555555556,0.9256705846099287,1.0,1.1686413014905337,77444.35429617524,55550.050656440886,1780.9938628430064,1575.9271002850385
97,1627,5.54110062374281,181635.43367653334,0,-3.450884410596336,0.7365999999999999,0.11216290702147853,0.3162698260787952,168.46302770893752,155.33578045443548,508.0,17.0,47327.67444305798,30507.627264428622,0.686957558845597,1.0555555555555556,0.9256705846099288,1.0,1.1706231982345168,77591.50063497931,52698.0046673835,1780.9938628430064,1577.7775464307401
97,1905,5.524962981318024,181818.8230655015,0,-3.2740097429430204,0.7365999999999999,0.11327939835286502,0.3110248521297633,167.97240386223908,155.13640278126582,508.0,17.0,47327.67444305798,31022.09326016181,0.6835521034504035,1.0555555555555556,0.9256705846099287,1.0,1.1686413014905337,77444.35429617524,57060.314907087195,1780.9938628430064,1583.422363637813
97,1582,5.670892044966688,185531.9317996724,0,-5.932524184884118,0.7365999999999999,0.1126179113424616,0.31429515950781756,172.40900474034748,155.41790471927283,508.0,18.0,47327.67444305798,30699.301841323966,0.6856961988611461,1.0526315789473684,0.9256705846099288,1.0,1.1698169081069878,78774.965476903,55006.21158242192,1780.9938628430064,1575.464115191891
97,1690,5.670892044966688,185675.07507652155,0,-5.555798308348505,0.7365999999999999,0.12470888587160807,0.3136250453831545,172.40900474034748,155.9475010613968,508.0,18.0,47327.67444305798,30764.89620658275,0.6892040213476488,1.0526315789473684,0.928689987854111,1.0,1.1477122179153407,78774.965476903,55149.35485927108,1780.9938628430064,1560.7068580402813
97,1483,5.670892044966688,185708.927730727,0,-5.9594794132801905,0.7365999999999999,0.1124030107507356,0.31379552732025423,172.40900474034748,155.38014926889852,508.0,18.0,47327.67444305798,30748.18194954805,0.6852676869443435,1.0526315789473684,0.9256705846099288,1.0,1.1701979620724379,78774.965476903,55183.20751347652,1780.9938628430064,1576.5268388610482
97,1900,5.670892044966688,185708.927730727,0,-5.9594794132801905,0.7365999999999999,0.1124030107507356,0.31379552732025423,172.40900474034748,155.38014926889852,508.0,18.0,47327.67444305798,30748.18194954805,0.6852676869443435,1.0526315789473684,0.9256705846099288,1.0,1.1701979620724379,78774.965476903,55183.20751347652,1780.9938628430064,1576.5268388610482
97,1515,5.670892044966688,185750.0380657533,0,-5.578403798225192,0.7365999999999999,0.12421918811397212,0.3136250453831545,172.40900474034748,155.9156207887988,508.0,18.0,47327.67444305798,30764.89620658275,0.6890406446681847,1.0526315789473684,0.928689987854111,1.0,1.148632021012315,78774.965476903,55224.31784850281,1780.9938628430064,1561.5873805640992
97,1718,5.670892044966688,185763.75418257626,0,-5.587716229404229,0.7365999999999999,0.12393026944891149,0.31373365568188205,172.40900474034748,155.90249136052378,508.0,18.0,47327.67444305798,30754.2458204772,0.6890218849914194,1.0526315789473684,0.928689987854111,1.0,1.1491737590844093,78774.965476903,55238.03396532578,1780.9938628430064,1561.9502999192841
97,1754,5.670892044966688,185763.75418257626,0,-5.587716229404229,0.7365999999999999,0.12393026944891149,0.31373365568188205,172.40900474034748,155.90249136052378,508.0,18.0,47327.67444305798,30754.2458204772,0.6890218849914194,1.0526315789473684,0.928689987854111,1.0,1.1491737590844093,78774.965476903,55238.03396532578,1780.9938628430064,1561.9502999192841
97,1346,5.670892044966688,185764.8739114395,0,-5.587860954992857,0.7365999999999999,0.12393026944891149,0.31372970754231144,172.40900474034748,155.90228733198362,508.0,18.0,47327.67444305798,30754.63284807442,0.6890190662730296,1.0526315789473684,0.928689987854111,1.0,1.1491737590844093,78774.965476903,55239.15369418904,1780.9938628430064,1561.9559409404105
97,1688,5.670892044966688,185764.8739114395,0,-5.587860954992857,0.7365999999999999,0.12393026944891149,0.31372970754231144,172.40900474034748,155.90228733198362,508.0,18.0,47327.67444305798,30754.63284807442,0.6890190662730296,1.0526315789473684,0.928689987854111,1.0,1.1491737590844093,78774.965476903,55239.15369418904,1780.9938628430064,1561.9559409404105
97,1876,5.670892044966688,185806.88568342378,0,-5.6003163138697545,0.7365999999999999,0.12365897115978833,0.31372970754231144,172.40900474034748,155.8847302489375,508.0,18.0,47327.67444305798,30754.63284807442,0.6889286829919193,1.0526315789473684,0.928689987854111,1.0,1.1496818209456334,78774.965476903,55281.16546617332,1780.9938628430064,1562.441515278288
97,1646,5.544613641397953,186374.53768997235,0,-4.142093836907408,0.7365999999999999,0.11216290702147853,0.29558664504764276,168.56983204814128,154.4498791639801,508.0,18.0,47327.67444305798,32642.347449230598,0.67156962965473,1.0526315789473684,0.9256705846099288,1.0,1.1706231982345168,77623.53305164225,60839.422590188806,1780.9938628430064,1603.172188132432
97,1644,5.670892044966688,186388.76067848515,0,-5.646943083017968,0.7365999999999999,0.12472000034552025,0.31112891083287647,172.40900474034748,155.81904021604075,508.0,18.0,47327.67444305798,31011.717757660714,0.6874158067016527,1.0526315789473684,0.928689987854111,1.0,1.1476913183035609,78774.965476903,55863.040461234676,1780.9938628430064,1564.260978473723
97,1720,5.670892044966688,186389.37024562026,0,-5.647126168388713,0.7365999999999999,0.1247160306700291,0.31112891083287647,172.40900474034748,155.81878238569544,508.0,18.0,47327.67444305798,31011.717757660714,0.6874144776238221,1.0526315789473684,0.928689987854111,1.0,1.1476987829833885,78774.965476903,55863.65002836977,1780.9938628430064,1564.2681281314685
98,1848,5.416601950987159,175052.02690149314,0,-1.0583817879015855,0.7365999999999999,0.11620584581333777,0.31386162895871006,164.6779631915575,155.2710501663932,508.0,17.0,47327.67444305798,30741.706149326325,0.686558773949511,1.0555555555555556,0.928689987854111,1.0,1.16339234883729,76456.29616088446,54576.01754905119,1780.9938628430064,1579.605784889008
98,1949,5.404081388497634,175582.63213541685,0,-0.8445470421932999,0.7365999999999999,0.1124030107507356,0.31379552732025423,164.29730743220048,155.22510325138043,508.0,17.0,47327.67444305798,30748.18194954805,0.6852676869443435,1.0555555555555556,0.9256705846099288,1.0,1.1701979620724379,76342.13109999108,53335.71639677472,1780.9938628430064,1580.906080080107
98,1924,5.417467256249222,176045.30518927594,0,-0.751847411665195,0.7365999999999999,0.12393026944891149,0.31373365568188205,164.7042705904369,155.74599841200393,508.0,17.0,47327.67444305798,30754.2458204772,0.6890218849914194,1.0555555555555556,0.928689987854111,1.0,1.1491737590844093,76464.18619202463,53402.06159318556,1780.9938628430064,1566.2890507523935
98,1748,5.524962981318024,179265.00953968652,0,-3.049601791757489,0.7365999999999999,0.12161028738968921,0.3110191888232514,167.97240386223908,155.45860519316858,508.0,17.0,47327.67444305798,31022.658137279002,0.6862984369852182,1.0555555555555556,0.928689987854111,1.0,1.1534983311645521,77444.35429617524,54506.50138127223,1780.9938628430064,1574.320099883827
98,1710,5.524962981318024,179331.9842072855,0,-3.068840389492209,0.7365999999999999,0.12116487551028869,0.3110248521297633,167.97240386223908,155.43093018935681,508.0,17.0,47327.67444305798,31022.09326016181,0.6861543524012748,1.0555555555555556,0.928689987854111,1.0,1.1543233639051076,77444.35429617524,54573.476048871235,1780.9938628430064,1575.0978123706018
98,1931,5.524962981318024,180308.55881485518,0,-3.0893414484608908,0.7365999999999999,0.11327939835286502,0.3162778551591293,167.97240386223908,155.40144995918178,508.0,17.0,47327.67444305798,30506.852792912163,0.6873262059449444,1.0555555555555556,0.9256705846099287,1.0,1.1686413014905337,77444.35429617524,55550.050656440886,1780.9938628430064,1575.9271002850385
98,1627,5.54110062374281,181635.43367653334,0,-3.450884410596336,0.7365999999999999,0.11216290702147853,0.3162698260787952,168.46302770893752,155.33578045443548,508.0,17.0,47327.67444305798,30507.627264428622,0.686957558845597,1.0555555555555556,0.9256705846099288,1.0,1.1706231982345168,77591.50063497931,52698.0046673835,1780.9938628430064,1577.7775464307401
98,1905,5.524962981318024,181818.8230655015,0,-3.2740097429430204,0.7365999999999999,0.11327939835286502,0.3110248521297633,167.97240386223908,155.13640278126582,508.0,17.0,47327.67444305798,31022.09326016181,0.6835521034504035,1.0555555555555556,0.9256705846099287,1.0,1.1686413014905337,77444.35429617524,57060.314907087195,1780.9938628430064,1583.422363637813
98,1582,5.670892044966688,185531.9317996724,0,-5.932524184884118,0.7365999999999999,0.1126179113424616,0.31429515950781756,172.40900474034748,155.41790471927283,508.0,18.0,47327.67444305798,30699.301841323966,0.6856961988611461,1.0526315789473684,0.9256705846099288,1.0,1.1698169081069878,78774.965476903,55006.21158242192,1780.9938628430064,1575.464115191891
98,1690,5.670892044966688,185675.07507652155,0,-5.555798308348505,0.7365999999999999,0.12470888587160807,0.3136250453831545,172.40900474034748,155.9475010613968,508.0,18.0,47327.67444305798,30764.89620658275,0.6892040213476488,1.0526315789473684,0.928689987854111,1.0,1.1477122179153407,78774.965476903,55149.35485927108,1780.9938628430064,1560.7068580402813
98,1483,5.670892044966688,185708.927730727,0,-5.9594794132801905,0.7365999999999999,0.1124030107507356,0.31379552732025423,172.40900474034748,155.38014926889852,508.0,18.0,47327.67444305798,30748.18194954805,0.6852676869443435,1.0526315789473684,0.9256705846099288,1.0,1.1701979620724379,78774.965476903,55183.20751347652,1780.9938628430064,1576.5268388610482
98,1900,5.670892044966688,185708.927730727,0,-5.9594794132801905,0.7365999999999999,0.1124030107507356,0.31379552732025423,172.40900474034748,155.38014926889852,508.0,18.0,47327.67444305798,30748.18194954805,0.6852676869443435,1.0526315789473684,0.9256705846099288,1.0,1.1701979620724379,78774.965476903,55183.20751347652,1780.9938628430064,1576.5268388610482
98,1515,5.670892044966688,185750.0380657533,0,-5.578403798225192,0.7365999999999999,0.12421918811397212,0.3136250453831545,172.40900474034748,155.9156207887988,508.0,18.0,47327.67444305798,30764.89620658275,0.6890406446681847,1.0526315789473684,0.928689987854111,1.0,1.148632021012315,78774.965476903,55224.31784850281,1780.9938628430064,1561.5873805640992
98,1718,5.670892044966688,185763.75418257626,0,-5.587716229404229,0.7365999999999999,0.12393026944891149,0.31373365568188205,172.40900474034748,155.90249136052378,508.0,18.0,47327.67444305798,30754.2458204772,0.6890218849914194,1.0526315789473684,0.928689987854111,1.0,1.1491737590844093,78774.965476903,55238.03396532578,1780.9938628430064,1561.9502999192841
98,1754,5.670892044966688,185763.75418257626,0,-5.587716229404229,0.7365999999999999,0.12393026944891149,0.31373365568188205,172.40900474034748,155.90249136052378,508.0,18.0,47327.67444305798,30754.2458204772,0.6890218849914194,1.0526315789473684,0.928689987854111,1.0,1.1491737590844093,78774.965476903,55238.03396532578,1780.9938628430064,1561.9502999192841
98,1346,5.670892044966688,185764.8739114395,0,-5.587860954992857,0.7365999999999999,0.12393026944891149,0.31372970754231144,172.40900474034748,155.90228733198362,508.0,18.0,47327.67444305798,30754.63284807442,0.6890190662730296,1.0526315789473684,0.928689987854111,1.0,1.1491737590844093,78774.965476903,55239.15369418904,1780.9938628430064,1561.9559409404105
98,1688,5.670892044966688,185764.8739114395,0,-5.587860954992857,0.7365999999999999,0.12393026944891149,0.31372970754231144,172.40900474034748,155.90228733198362,508.0,18.0,47327.67444305798,30754.63284807442,0.6890190662730296,1.0526315789473684,0.928689987854111,1.0,1.1491737590844093,78774.965476903,55239.15369418904,1780.9938628430064,1561.9559409404105
98,1876,5.670892044966688,185806.88568342378,0,-5.6003163138697545,0.7365999999999999,0.12365897115978833,0.31372970754231144,172.40900474034748,155.8847302489375,508.0,18.0,47327.67444305798,30754.63284807442,0.6889286829919193,1.0526315789473684,0.928689987854111,1.0,1.1496818209456334,78774.965476903,55281.16546617332,1780.9938628430064,1562.441515278288
98,1646,5.544613641397953,186374.53768997235,0,-4.142093836907408,0.7365999999999999,0.11216290702147853,0.29558664504764276,168.56983204814128,154.4498791639801,508.0,18.0,47327.67444305798,32642.347449230598,0.67156962965473,1.0526315789473684,0.9256705846099288,1.0,1.1706231982345168,77623.53305164225,60839.422590188806,1780.9938628430064,1603.172188132432
98,1644,5.670892044966688,186388.76067848515,0,-5.646943083017968,0.7365999999999999,0.12472000034552025,0.31112891083287647,172.40900474034748,155.81904021604075,508.0,18.0,47327.67444305798,31011.717757660714,0.6874158067016527,1.0526315789473684,0.928689987854111,1.0,1.1476913183035609,78774.965476903,55863.040461234676,1780.9938628430064,1564.260978473723
99,1848,5.416601950987159,175052.02690149314,0,-1.0583817879015855,0.7365999999999999,0.11620584581333777,0.31386162895871006,164.6779631915575,155.2710501663932,508.0,17.0,47327.67444305798,30741.706149326325,0.686558773949511,1.0555555555555556,0.928689987854111,1.0,1.16339234883729,76456.29616088446,54576.01754905119,1780.9938628430064,1579.605784889008
99,1949,5.404081388497634,175582.63213541685,0,-0.8445470421932999,0.7365999999999999,0.1124030107507356,0.31379552732025423,164.29730743220048,155.22510325138043,508.0,17.0,47327.67444305798,30748.18194954805,0.6852676869443435,1.0555555555555556,0.9256705846099288,1.0,1.1701979620724379,76342.13109999108,53335.71639677472,1780.9938628430064,1580.906080080107
99,1924,5.417467256249222,176045.30518927594,0,-0.751847411665195,0.7365999999999999,0.12393026944891149,0.31373365568188205,164.7042705904369,155.74599841200393,508.0,17.0,47327.67444305798,30754.2458204772,0.6890218849914194,1.0555555555555556,0.928689987854111,1.0,1.1491737590844093,76464.18619202463,53402.06159318556,1780.9938628430064,1566.2890507523935
99,1748,5.524962981318024,179265.00953968652,0,-3.049601791757489,0.7365999999999999,0.12161028738968921,0.3110191888232514,167.97240386223908,155.45860519316858,508.0,17.0,47327.67444305798,31022.658137279002,0.6862984369852182,1.0555555555555556,0.928689987854111,1.0,1.1534983311645521,77444.35429617524,54506.50138127223,1780.9938628430064,1574.320099883827
99,1710,5.524962981318024,179331.9842072855,0,-3.068840389492209,0.7365999999999999,0.12116487551028869,0.3110248521297633,167.97240386223908,155.43093018935681,508.0,17.0,47327.67444305798,31022.09326016181,0.6861543524012748,1.0555555555555556,0.928689987854111,1.0,1.1543233639051076,77444.35429617524,54573.476048871235,1780.9938628430064,1575.0978123706018
99,1931,5.524962981318024,180308.55881485518,0,-3.0893414484608908,0.7365999999999999,0.11327939835286502,0.3162778551591293,167.97240386223908,155.40144995918178,508.0,17.0,47327.67444305798,30506.852792912163,0.6873262059449444,1.0555555555555556,0.9256705846099287,1.0,1.1686413014905337,77444.35429617524,55550.050656440886,1780.9938628430064,1575.9271002850385
99,1627,5.54110062374281,181635.43367653334,0,-3.450884410596336,0.7365999999999999,0.11216290702147853,0.3162698260787952,168.46302770893752,155.33578045443548,508.0,17.0,47327.67444305798,30507.627264428622,0.686957558845597,1.0555555555555556,0.9256705846099288,1.0,1.1706231982345168,77591.50063497931,52698.0046673835,1780.9938628430064,1577.7775464307401
99,1905,5.524962981318024,181818.8230655015,0,-3.2740097429430204,0.7365999999999999,0.11327939835286502,0.3110248521297633,167.97240386223908,155.13640278126582,508.0,17.0,47327.67444305798,31022.09326016181,0.6835521034504035,1.0555555555555556,0.9256705846099287,1.0,1.1686413014905337,77444.35429617524,57060.314907087195,1780.9938628430064,1583.422363637813
99,1582,5.670892044966688,185531.9317996724,0,-5.932524184884118,0.7365999999999999,0.1126179113424616,0.31429515950781756,172.40900474034748,155.41790471927283,508.0,18.0,47327.67444305798,30699.301841323966,0.6856961988611461,1.0526315789473684,0.9256705846099288,1.0,1.1698169081069878,78774.965476903,55006.21158242192,1780.9938628430064,1575.464115191891
99,1690,5.670892044966688,185675.07507652155,0,-5.555798308348505,0.7365999999999999,0.12470888587160807,0.3136250453831545,172.40900474034748,155.9475010613968,508.0,18.0,47327.67444305798,30764.89620658275,0.6892040213476488,1.0526315789473684,0.928689987854111,1.0,1.1477122179153407,78774.965476903,55149.35485927108,1780.9938628430064,1560.7068580402813
99,1483,5.670892044966688,185708.927730727,0,-5.9594794132801905,0.7365999999999999,0.1124030107507356,0.31379552732025423,172.40900474034748,155.38014926889852,508.0,18.0,47327.67444305798,30748.18194954805,0.6852676869443435,1.0526315789473684,0.9256705846099288,1.0,1.1701979620724379,78774.965476903,55183.20751347652,1780.9938628430064,1576.5268388610482
99,1900,5.670892044966688,185708.927730727,0,-5.9594794132801905,0.7365999999999999,0.1124030107507356,0.31379552732025423,172.40900474034748,155.38014926889852,508.0,18.0,47327.67444305798,30748.18194954805,0.6852676869443435,1.0526315789473684,0.9256705846099288,1.0,1.1701979620724379,78774.965476903,55183.20751347652,1780.9938628430064,1576.5268388610482
99,1515,5.670892044966688,185750.0380657533,0,-5.578403798225192,0.7365999999999999,0.12421918811397212,0.3136250453831545,172.40900474034748,155.9156207887988,508.0,18.0,47327.67444305798,30764.89620658275,0.6890406446681847,1.0526315789473684,0.928689987854111,1.0,1.148632021012315,78774.965476903,55224.31784850281,1780.9938628430064,1561.5873805640992
99,1718,5.670892044966688,185763.75418257626,0,-5.587716229404229,0.7365999999999999,0.12393026944891149,0.31373365568188205,172.40900474034748,155.90249136052378,508.0,18.0,47327.67444305798,30754.2458204772,0.6890218849914194,1.0526315789473684,0.928689987854111,1.0,1.1491737590844093,78774.965476903,55238.03396532578,1780.9938628430064,1561.9502999192841
99,1754,5.670892044966688,185763.75418257626,0,-5.587716229404229,0.7365999999999999,0.12393026944891149,0.31373365568188205,172.40900474034748,155.90249136052378,508.0,18.0,47327.67444305798,30754.2458204772,0.6890218849914194,1.0526315789473684,0.928689987854111,1.0,1.1491737590844093,78774.965476903,55238.03396532578,1780.9938628430064,1561.9502999192841
99,1346,5.670892044966688,185764.8739114395,0,-5.587860954992857,0.7365999999999999,0.12393026944891149,0.31372970754231144,172.40900474034748,155.90228733198362,508.0,18.0,47327.67444305798,30754.63284807442,0.6890190662730296,1.0526315789473684,0.928689987854111,1.0,1.1491737590844093,78774.965476903,55239.15369418904,1780.9938628430064,1561.9559409404105
99,1688,5.670892044966688,185764.8739114395,0,-5.587860954992857,0.7365999999999999,0.12393026944891149,0.31372970754231144,172.40900474034748,155.90228733198362,508.0,18.0,47327.67444305798,30754.63284807442,0.6890190662730296,1.0526315789473684,0.928689987854111,1.0,1.1491737590844093,78774.965476903,55239.15369418904,1780.9938628430064,1561.9559409404105
99,1876,5.670892044966688,185806.88568342378,0,-5.6003163138697545,0.7365999999999999,0.12365897115978833,0.31372970754231144,172.40900474034748,155.8847302489375,508.0,18.0,47327.67444305798,30754.63284807442,0.6889286829919193,1.0526315789473684,0.928689987854111,1.0,1.1496818209456334,78774.965476903,55281.16546617332,1780.9938628430064,1562.441515278288
99,1646,5.544613641397953,186374.53768997235,0,-4.142093836907408,0.7365999999999999,0.11216290702147853,0.29558664504764276,168.56983204814128,154.4498791639801,508.0,18.0,47327.67444305798,32642.347449230598,0.67156962965473,1.0526315789473684,0.9256705846099288,1.0,1.1706231982345168,77623.53305164225,60839.422590188806,1780.9938628430064,1603.172188132432
99,1644,5.670892044966688,186388.76067848515,0,-5.646943083017968,0.7365999999999999,0.12472000034552025,0.31112891083287647,172.40900474034748,155.81904021604075,508.0,18.0,47327.67444305798,31011.717757660714,0.6874158067016527,1.0526315789473684,0.928689987854111,1.0,1.1476913183035609,78774.965476903,55863.040461234676,1780.9938628430064,1564.260978473723
100,1848,5.416601950987159,175052.02690149314,0,-1.0583817879015855,0.7365999999999999,0.11620584581333777,0.31386162895871006,164.6779631915575,155.2710501663932,508.0,17.0,47327.67444305798,30741.706149326325,0.686558773949511,1.0555555555555556,0.928689987854111,1.0,1.16339234883729,76456.29616088446,54576.01754905119,1780.9938628430064,1579.605784889008
100,1949,5.404081388497634,175582.63213541685,0,-0.8445470421932999,0.7365999999999999,0.1124030107507356,0.31379552732025423,164.29730743220048,155.22510325138043,508.0,17.0,47327.67444305798,30748.18194954805,0.6852676869443435,1.0555555555555556,0.9256705846099288,1.0,1.1701979620724379,76342.13109999108,53335.71639677472,1780.9938628430064,1580.906080080107
100,1924,5.417467256249222,176045.30518927594,0,-0.751847411665195,0.7365999999999999,0.12393026944891149,0.31373365568188205,164.7042705904369,155.74599841200393,508.0,17.0,47327.67444305798,30754.2458204772,0.6890218849914194,1.0555555555555556,0.928689987854111,1.0,1.1491737590844093,76464.18619202463,53402.06159318556,1780.9938628430064,1566.2890507523935
100,1748,5.524962981318024,179265.00953968652,0,-3.049601791757489,0.7365999999999999,0.12161028738968921,0.3110191888232514,167.97240386223908,155.45860519316858,508.0,17.0,47327.67444305798,31022.658137279002,0.6862984369852182,1.0555555555555556,0.928689987854111,1.0,1.1534983311645521,77444.35429617524,54506.50138127223,1780.9938628430064,1574.320099883827
100,1710,5.524962981318024,179331.9842072855,0,-3.068840389492209,0.7365999999999999,0.12116487551028869,0.3110248521297633,167.97240386223908,155.43093018935681,508.0,17.0,47327.67444305798,31022.09326016181,0.6861543524012748,1.0555555555555556,0.928689987854111,1.0,1.1543233639051076,77444.35429617524,54573.476048871235,1780.9938628430064,1575.0978123706018
100,1931,5.524962981318024,180308.55881485518,0,-3.0893414484608908,0.7365999999999999,0.11327939835286502,0.3162778551591293,167.97240386223908,155.40144995918178,508.0,17.0,47327.67444305798,30506.852792912163,0.6873262059449444,1.0555555555555556,0.9256705846099287,1.0,1.1686413014905337,77444.35429617524,55550.050656440886,1780.9938628430064,1575.9271002850385
100,1627,5.54110062374281,181635.43367653334,0,-3.450884410596336,0.7365999999999999,0.11216290702147853,0.3162698260787952,168.46302770893752,155.33578045443548,508.0,17.0,47327.67444305798,30507.627264428622,0.686957558845597,1.0555555555555556,0.9256705846099288,1.0,1.1706231982345168,77591.50063497931,52698.0046673835,1780.9938628430064,1577.7775464307401
100,1905,5.524962981318024,181818.8230655015,0,-3.2740097429430204,0.7365999999999999,0.11327939835286502,0.3110248521297633,167.97240386223908,155.13640278126582,508.0,17.0,47327.67444305798,31022.09326016181,0.6835521034504035,1.0555555555555556,0.9256705846099287,1.0,1.1686413014905337,77444.35429617524,57060.314907087195,1780.9938628430064,1583.422363637813
100,1582,5.670892044966688,185531.9317996724,0,-5.932524184884118,0.7365999999999999,0.1126179113424616,0.31429515950781756,172.40900474034748,155.41790471927283,508.0,18.0,47327.67444305798,30699.301841323966,0.6856961988611461,1.0526315789473684,0.9256705846099288,1.0,1.1698169081069878,78774.965476903,55006.21158242192,1780.9938628430064,1575.464115191891
100,1690,5.670892044966688,185675.07507652155,0,-5.555798308348505,0.7365999999999999,0.12470888587160807,0.3136250453831545,172.40900474034748,155.9475010613968,508.0,18.0,47327.67444305798,30764.89620658275,0.6892040213476488,1.0526315789473684,0.928689987854111,1.0,1.1477122179153407,78774.965476903,55149.35485927108,1780.9938628430064,1560.7068580402813
100,1483,5.670892044966688,185708.927730727,0,-5.9594794132801905,0.7365999999999999,0.1124030107507356,0.31379552732025423,172.40900474034748,155.38014926889852,508.0,18.0,47327.67444305798,30748.18194954805,0.6852676869443435,1.0526315789473684,0.9256705846099288,1.0,1.1701979620724379,78774.965476903,55183.20751347652,1780.9938628430064,1576.5268388610482
100,1900,5.670892044966688,185708.927730727,0,-5.9594794132801905,0.7365999999999999,0.1124030107507356,0.31379552732025423,172.40900474034748,155.38014926889852,508.0,18.0,47327.67444305798,30748.18194954805,0.6852676869443435,1.0526315789473684,0.9256705846099288,1.0,1.1701979620724379,78774.965476903,55183.20751347652,1780.9938628430064,1576.5268388610482
100,1515,5.670892044966688,185750.0380657533,0,-5.578403798225192,0.7365999999999999,0.12421918811397212,0.3136250453831545,172.40900474034748,155.9156207887988,508.0,18.0,47327.67444305798,30764.89620658275,0.6890406446681847,1.0526315789473684,0.928689987854111,1.0,1.148632021012315,78774.965476903,55224.31784850281,1780.9938628430064,1561.5873805640992
100,1718,5.670892044966688,185763.75418257626,0,-5.587716229404229,0.7365999999999999,0.12393026944891149,0.31373365568188205,172.40900474034748,155.90249136052378,508.0,18.0,47327.67444305798,30754.2458204772,0.6890218849914194,1.0526315789473684,0.928689987854111,1.0,1.1491737590844093,78774.965476903,55238.03396532578,1780.9938628430064,1561.9502999192841
100,1754,5.670892044966688,185763.75418257626,0,-5.587716229404229,0.7365999999999999,0.12393026944891149,0.31373365568188205,172.40900474034748,155.90249136052378,508.0,18.0,47327.67444305798,30754.2458204772,0.6890218849914194,1.0526315789473684,0.928689987854111,1.0,1.1491737590844093,78774.965476903,55238.03396532578,1780.9938628430064,1561.9502999192841
100,1346,5.670892044966688,185764.8739114395,0,-5.587860954992857,0.7365999999999999,0.12393026944891149,0.31372970754231144,172.40900474034748,155.90228733198362,508.0,18.0,47327.67444305798,30754.63284807442,0.6890190662730296,1.0526315789473684,0.928689987854111,1.0,1.1491737590844093,78774.965476903,55239.15369418904,1780.9938628430064,1561.9559409404105
100,1688,5.670892044966688,185764.8739114395,0,-5.587860954992857,0.7365999999999999,0.12393026944891149,0.31372970754231144,172.40900474034748,155.90228733198362,508.0,18.0,47327.67444305798,30754.63284807442,0.6890190662730296,1.0526315789473684,0.928689987854111,1.0,1.1491737590844093,78774.965476903,55239.15369418904,1780.9938628430064,1561.9559409404105
100,1876,5.670892044966688,185806.88568342378,0,-5.6003163138697545,0.7365999999999999,0.12365897115978833,0.31372970754231144,172.40900474034748,155.8847302489375,508.0,18.0,47327.67444305798,30754.63284807442,0.6889286829919193,1.0526315789473684,0.928689987854111,1.0,1.1496818209456334,78774.965476903,55281.16546617332,1780.9938628430064,1562.441515278288
100,1646,5.544613641397953,186374.53768997235,0,-4.142093836907408,0.7365999999999999,0.11216290702147853,0.29558664504764276,168.56983204814128,154.4498791639801,508.0,18.0,47327.67444305798,32642.347449230598,0.67156962965473,1.0526315789473684,0.9256705846099288,1.0,1.1706231982345168,77623.53305164225,60839.422590188806,1780.9938628430064,1603.172188132432
100,1644,5.670892044966688,186388.76067848515,0,-5.646943083017968,0.7365999999999999,0.12472000034552025,0.31112891083287647,172.40900474034748,155.81904021604075,508.0,18.0,47327.67444305798,31011.717757660714,0.6874158067016527,1.0526315789473684,0.928689987854111,1.0,1.1476913183035609,78774.965476903,55863.040461234676,1780.9938628430064,1564.260978473723
